16 0.291750 0.230000 0.052000 0.083333
16 0.292500 0.322833 0.049000 0.085667
16 0.347250 0.237333 0.050500 0.090667
16 0.388375 0.236000 0.048250 0.093333
16 0.430250 0.238667 0.055000 0.101333
16 0.480000 0.232500 0.046000 0.087000
16 0.293500 0.588333 0.053000 0.082667
16 0.384375 0.334833 0.042750 0.082333
16 0.337875 0.325167 0.036250 0.085667
16 0.432125 0.333000 0.038750 0.093333
16 0.482625 0.325833 0.039750 0.091667
16 0.530750 0.236167 0.038000 0.085000
16 0.530250 0.335000 0.044500 0.095333
16 0.479750 0.421333 0.040500 0.094000
16 0.432125 0.426500 0.045250 0.095667
16 0.385375 0.428333 0.044250 0.094667
16 0.337375 0.422167 0.046750 0.098333
16 0.292000 0.424000 0.042500 0.100000
16 0.528250 0.423167 0.038000 0.083000
16 0.478625 0.513167 0.041250 0.077667
16 0.433875 0.514833 0.043250 0.085667
16 0.386875 0.511833 0.041750 0.089000
16 0.339875 0.513000 0.045750 0.089333
16 0.294125 0.508167 0.044250 0.085000
16 0.528625 0.515667 0.039250 0.083333
16 0.481125 0.601667 0.041250 0.078000
16 0.436750 0.597833 0.041500 0.080333
16 0.387000 0.603167 0.042000 0.085000
16 0.341250 0.598167 0.045500 0.084333
16 0.531375 0.608333 0.040250 0.088000
16 0.531750 0.697667 0.041500 0.090667
16 0.479500 0.687167 0.042000 0.087667
16 0.431000 0.685167 0.045000 0.091667
16 0.336875 0.679833 0.039750 0.080333
16 0.289875 0.679167 0.040250 0.087000
