16 0.243056 0.358796 0.020833 0.041667
16 0.261285 0.357639 0.019097 0.039352
16 0.280816 0.354167 0.023438 0.041667
16 0.309896 0.354167 0.020833 0.037037
16 0.330295 0.350116 0.023438 0.040509
16 0.333333 0.390625 0.022569 0.045139
16 0.310330 0.394676 0.021701 0.041667
16 0.283420 0.395255 0.025174 0.042824
16 0.263889 0.398148 0.019097 0.043981
16 0.245660 0.398148 0.024306 0.043981
16 0.245660 0.438079 0.020833 0.040509
16 0.263021 0.438079 0.020833 0.040509
16 0.283854 0.436921 0.024306 0.040509
16 0.284722 0.475116 0.022569 0.040509
16 0.265625 0.476273 0.019097 0.040509
16 0.247396 0.476852 0.020833 0.043981
16 0.248264 0.520833 0.020833 0.041667
16 0.264757 0.518519 0.022569 0.046296
16 0.286024 0.513310 0.023438 0.040509
16 0.284722 0.555556 0.024306 0.048611
16 0.265191 0.558449 0.019965 0.038194
16 0.246962 0.559606 0.019965 0.042824
16 0.334201 0.432870 0.024306 0.043981
16 0.309896 0.434028 0.026042 0.043981
16 0.310764 0.474537 0.026042 0.043981
16 0.335069 0.473380 0.026042 0.043981
16 0.336806 0.512731 0.026042 0.043981
16 0.310764 0.515046 0.026042 0.043981
16 0.310764 0.553241 0.026042 0.043981
16 0.337674 0.550926 0.026042 0.043981
16 0.418837 0.347801 0.023438 0.038194
16 0.419705 0.385995 0.023438 0.038194
16 0.418403 0.424769 0.024306 0.043981
16 0.421441 0.465278 0.023438 0.041667
16 0.423611 0.504051 0.022569 0.040509
16 0.422309 0.542824 0.023438 0.041667
16 0.454427 0.540509 0.019965 0.041667
16 0.452691 0.501157 0.019965 0.041667
16 0.453993 0.462384 0.024306 0.042824
16 0.453125 0.424190 0.024306 0.042824
16 0.453125 0.383681 0.024306 0.042824
16 0.452257 0.346644 0.022569 0.042824
16 0.465278 0.343171 0.022569 0.038194
16 0.465278 0.382523 0.020833 0.038194
16 0.467882 0.421875 0.020833 0.038194
16 0.468750 0.460069 0.020833 0.038194
16 0.470486 0.500579 0.020833 0.038194
16 0.472222 0.538773 0.020833 0.038194
16 0.490451 0.536458 0.020833 0.038194
16 0.489583 0.498264 0.020833 0.038194
16 0.489583 0.460069 0.020833 0.038194
16 0.487847 0.420718 0.020833 0.038194
16 0.487847 0.382523 0.020833 0.038194
16 0.486111 0.343171 0.020833 0.038194
16 0.513889 0.342014 0.020833 0.038194
16 0.513021 0.376736 0.020833 0.038194
16 0.513021 0.416088 0.020833 0.038194
16 0.513021 0.454282 0.020833 0.038194
16 0.513889 0.492477 0.020833 0.038194
16 0.513889 0.531829 0.020833 0.038194
16 0.536024 0.531829 0.023438 0.042824
16 0.535590 0.491898 0.026042 0.039352
16 0.535590 0.453704 0.024306 0.039352
16 0.535590 0.413773 0.024306 0.038194
16 0.533420 0.375000 0.023438 0.041667
16 0.532986 0.339120 0.020833 0.037037
16 0.553819 0.340278 0.020833 0.037037
16 0.555556 0.375000 0.020833 0.037037
16 0.557292 0.414352 0.020833 0.037037
16 0.557726 0.456597 0.023438 0.038194
16 0.558160 0.493056 0.020833 0.039352
16 0.558160 0.534722 0.024306 0.048611
16 0.580295 0.535880 0.023438 0.041667
16 0.578993 0.493634 0.022569 0.038194
16 0.580295 0.456019 0.021701 0.037037
16 0.578993 0.377894 0.022569 0.040509
16 0.578125 0.416667 0.024306 0.041667
16 0.578993 0.337963 0.020833 0.034722
