16 0.059500 0.274500 0.036500 0.069000
16 0.414750 0.463333 0.039000 0.072000
16 0.377000 0.391167 0.036500 0.069000
16 0.414500 0.325167 0.036500 0.069000
16 0.377750 0.324500 0.036500 0.069000
16 0.415875 0.260167 0.033750 0.059000
16 0.379875 0.262667 0.034750 0.058667
16 0.282875 0.623000 0.037750 0.077333
16 0.245500 0.624500 0.041500 0.079667
16 0.201500 0.624500 0.040500 0.074333
16 0.285750 0.546500 0.036500 0.069000
16 0.247375 0.547667 0.039750 0.075333
16 0.206625 0.549333 0.041250 0.072667
16 0.288250 0.472833 0.036500 0.069000
16 0.249500 0.474333 0.040000 0.068667
16 0.209125 0.473833 0.039250 0.068333
16 0.290000 0.403167 0.036500 0.069000
16 0.251500 0.405833 0.036500 0.069000
16 0.213500 0.406167 0.036500 0.069000
16 0.291250 0.334167 0.036500 0.069000
16 0.254500 0.334167 0.036500 0.069000
16 0.216500 0.337500 0.036500 0.069000
16 0.295500 0.264833 0.036500 0.069000
16 0.256250 0.267500 0.036500 0.069000
16 0.218750 0.268833 0.036500 0.069000
16 0.121250 0.624833 0.038000 0.073667
16 0.080000 0.627833 0.043000 0.076333
16 0.040625 0.629000 0.039250 0.078000
16 0.125000 0.549667 0.041500 0.071333
16 0.084250 0.553667 0.041000 0.070667
16 0.043750 0.551000 0.038500 0.072000
16 0.125000 0.475500 0.036500 0.069000
16 0.085375 0.479667 0.040250 0.069333
16 0.046000 0.479833 0.036500 0.069000
16 0.125500 0.407833 0.036500 0.069000
16 0.088250 0.410167 0.040000 0.068333
16 0.049500 0.411833 0.036500 0.069000
16 0.131000 0.339500 0.036500 0.069000
16 0.091500 0.342500 0.036500 0.069000
16 0.054000 0.343167 0.036500 0.069000
16 0.134500 0.272167 0.036500 0.069000
16 0.096000 0.275167 0.036500 0.069000
16 0.375750 0.460667 0.039000 0.072000
16 0.374000 0.534000 0.039000 0.072000
16 0.414250 0.535333 0.039000 0.072000
16 0.455250 0.534000 0.039000 0.072000
16 0.457250 0.609333 0.039000 0.072000
16 0.412750 0.608000 0.039000 0.072000
16 0.371500 0.608667 0.039000 0.072000
16 0.455750 0.463000 0.039000 0.072000
16 0.454750 0.392333 0.039000 0.072000
16 0.453250 0.322667 0.039000 0.072000
16 0.453875 0.262333 0.041250 0.058000
16 0.415750 0.391667 0.039000 0.072000
16 0.613625 0.603000 0.044750 0.080667
16 0.574250 0.602833 0.043000 0.075667
16 0.533750 0.604333 0.045500 0.078000
16 0.612500 0.527333 0.045500 0.074000
16 0.573875 0.528667 0.042250 0.071333
16 0.533875 0.528500 0.046250 0.075000
16 0.608625 0.454333 0.043750 0.074000
16 0.573000 0.457333 0.042000 0.072000
16 0.533000 0.456333 0.043500 0.071333
16 0.607750 0.382833 0.043000 0.069000
16 0.568750 0.384833 0.041000 0.069667
16 0.530875 0.387333 0.040250 0.067333
16 0.605500 0.316833 0.041000 0.061667
16 0.566625 0.318833 0.038250 0.065000
16 0.529250 0.318167 0.036000 0.061000
16 0.605500 0.254000 0.031500 0.051333
16 0.565500 0.256167 0.039000 0.055000
16 0.528000 0.258000 0.034500 0.055333
