16 0.529687 0.393359 0.036458 0.030469
16 0.599479 0.392188 0.036458 0.029687
16 0.558854 0.391016 0.036458 0.030469
16 0.630208 0.393359 0.039583 0.035156
16 0.658333 0.392578 0.039583 0.035156
16 0.692708 0.390234 0.039583 0.035156
16 0.725000 0.388672 0.039583 0.035156
16 0.756250 0.389453 0.039583 0.035156
16 0.850521 0.387891 0.034375 0.035156
16 0.819271 0.387891 0.032292 0.035156
16 0.880729 0.386328 0.034375 0.035156
16 0.530729 0.423828 0.034375 0.035156
16 0.565104 0.422266 0.034375 0.035156
16 0.600521 0.424609 0.034375 0.035156
16 0.629687 0.426953 0.034375 0.035156
16 0.663021 0.425391 0.034375 0.035156
16 0.696354 0.423828 0.034375 0.035156
16 0.729688 0.422266 0.034375 0.035156
16 0.760938 0.423047 0.034375 0.035156
16 0.821354 0.422266 0.034375 0.035156
16 0.853646 0.419922 0.034375 0.035156
16 0.891667 0.454688 0.033333 0.032813
16 0.884896 0.419141 0.034375 0.035156
16 0.859375 0.454688 0.033333 0.032813
16 0.828125 0.454688 0.033333 0.032813
16 0.862500 0.489063 0.035417 0.034375
16 0.827083 0.487500 0.033333 0.032813
16 0.868750 0.524609 0.037500 0.036719
16 0.894792 0.487891 0.037500 0.036719
16 0.901042 0.523828 0.037500 0.036719
16 0.835417 0.523828 0.037500 0.036719
16 0.838542 0.559766 0.037500 0.036719
16 0.867708 0.561328 0.037500 0.036719
16 0.902083 0.559766 0.037500 0.036719
16 0.906250 0.593359 0.037500 0.036719
16 0.875000 0.592578 0.037500 0.036719
16 0.843750 0.592578 0.037500 0.036719
16 0.781250 0.593750 0.033333 0.035937
16 0.747917 0.593750 0.033333 0.035937
16 0.714583 0.595313 0.033333 0.035937
16 0.710417 0.561719 0.033333 0.035937
16 0.745833 0.560937 0.033333 0.035937
16 0.777083 0.558594 0.033333 0.035937
16 0.771354 0.524609 0.034375 0.035156
16 0.740104 0.524609 0.034375 0.035156
16 0.672917 0.525000 0.037500 0.035937
16 0.706771 0.523047 0.034375 0.035156
16 0.639583 0.525781 0.037500 0.035937
16 0.643750 0.560937 0.037500 0.035937
16 0.676562 0.597266 0.036458 0.036719
16 0.673958 0.560156 0.037500 0.035937
16 0.645312 0.595703 0.036458 0.036719
16 0.577604 0.591016 0.036458 0.036719
16 0.546354 0.591797 0.036458 0.036719
16 0.546354 0.628516 0.036458 0.036719
16 0.540104 0.557422 0.036458 0.036719
16 0.573438 0.556641 0.036458 0.036719
16 0.536458 0.523828 0.033333 0.035156
16 0.568229 0.519922 0.036458 0.036719
16 0.536458 0.489063 0.031250 0.035937
16 0.569792 0.487500 0.031250 0.035937
16 0.534896 0.456641 0.034375 0.036719
16 0.567187 0.455859 0.034375 0.036719
16 0.600521 0.458203 0.034375 0.036719
16 0.604688 0.489453 0.034375 0.036719
16 0.635938 0.491016 0.034375 0.036719
16 0.632812 0.460156 0.032292 0.040625
16 0.666146 0.459766 0.034375 0.036719
16 0.669271 0.494141 0.034375 0.036719
16 0.704688 0.492578 0.034375 0.036719
16 0.700521 0.459766 0.034375 0.036719
16 0.733854 0.458203 0.034375 0.036719
16 0.735938 0.493359 0.034375 0.036719
16 0.768229 0.491016 0.034375 0.036719
16 0.766146 0.455859 0.034375 0.036719
