16 0.250962 0.241324 0.037019 0.064910
16 0.325721 0.439910 0.037019 0.064910
16 0.287260 0.439910 0.037019 0.064910
16 0.249038 0.439267 0.037019 0.064910
16 0.439183 0.374357 0.037019 0.064910
16 0.401923 0.374357 0.037019 0.064910
16 0.365144 0.374036 0.037019 0.064910
16 0.324760 0.373072 0.037019 0.064910
16 0.287019 0.371787 0.037019 0.064910
16 0.249760 0.371787 0.037019 0.064910
16 0.437019 0.307841 0.037019 0.064910
16 0.399519 0.308483 0.037019 0.064910
16 0.363702 0.307841 0.037019 0.064910
16 0.325000 0.306555 0.037019 0.064910
16 0.288221 0.307519 0.037019 0.064910
16 0.249279 0.305591 0.037019 0.064910
16 0.435337 0.243573 0.037019 0.064910
16 0.397356 0.242931 0.037019 0.064910
16 0.361298 0.242288 0.037019 0.064910
16 0.325240 0.242609 0.037019 0.064910
16 0.288942 0.243252 0.037019 0.064910
16 0.366106 0.440231 0.037019 0.064910
16 0.403365 0.439589 0.037019 0.064910
16 0.439663 0.438946 0.037019 0.064910
16 0.247356 0.506427 0.037019 0.064910
16 0.369952 0.716902 0.039423 0.070051
16 0.283413 0.723008 0.039423 0.069409
16 0.244111 0.725578 0.039183 0.066838
16 0.445553 0.641228 0.039183 0.068445
16 0.406370 0.641870 0.035817 0.069730
16 0.369952 0.644441 0.038942 0.067802
16 0.324399 0.647012 0.039183 0.070373
16 0.285216 0.649100 0.040625 0.070694
16 0.368269 0.573907 0.037019 0.064910
16 0.244952 0.652153 0.038462 0.072301
16 0.443029 0.571658 0.037019 0.064910
16 0.404808 0.573907 0.037019 0.064910
16 0.323798 0.576157 0.037019 0.064910
16 0.286058 0.576157 0.037019 0.064910
16 0.245913 0.577442 0.037019 0.064910
16 0.441827 0.505784 0.037019 0.064910
16 0.404327 0.505784 0.037019 0.064910
16 0.366346 0.505784 0.037019 0.064910
16 0.323798 0.506427 0.037019 0.064910
16 0.285577 0.507391 0.037019 0.064910
16 0.448558 0.865681 0.044712 0.076478
16 0.409014 0.866003 0.043029 0.080977
16 0.372476 0.868573 0.042067 0.081620
16 0.323678 0.874036 0.041587 0.080334
16 0.283534 0.878374 0.043029 0.079370
16 0.240144 0.880945 0.043750 0.081298
16 0.447957 0.788400 0.043510 0.077442
16 0.409495 0.789685 0.041587 0.076799
16 0.372716 0.790970 0.041587 0.072943
16 0.323317 0.795630 0.040385 0.075835
16 0.283053 0.798201 0.039183 0.074550
16 0.241587 0.800129 0.043269 0.079049
16 0.445673 0.713368 0.039423 0.070051
16 0.407692 0.714653 0.039423 0.070051
16 0.325481 0.719152 0.039423 0.070051
