16 0.473837 0.150398 0.025194 0.053785
16 0.497578 0.146414 0.026163 0.053785
16 0.520349 0.143426 0.023256 0.051793
16 0.537791 0.143426 0.023256 0.055777
16 0.562016 0.143426 0.029070 0.059761
16 0.593023 0.149402 0.025194 0.063745
16 0.592539 0.213147 0.028101 0.071713
16 0.562500 0.211155 0.028101 0.075697
16 0.537791 0.208167 0.027132 0.077689
16 0.520833 0.206175 0.026163 0.069721
16 0.497578 0.203187 0.028101 0.071713
16 0.473837 0.205179 0.031008 0.067729
16 0.473837 0.271912 0.027132 0.073705
16 0.497578 0.273904 0.024225 0.069721
16 0.519380 0.272908 0.023256 0.063745
16 0.536822 0.272908 0.025194 0.067729
16 0.561047 0.273904 0.027132 0.069721
16 0.592054 0.277888 0.027132 0.069721
16 0.591570 0.350598 0.030039 0.083665
16 0.560562 0.343625 0.030039 0.073705
16 0.536822 0.343625 0.021318 0.081673
16 0.520349 0.343625 0.025194 0.081673
16 0.497093 0.344622 0.023256 0.075697
16 0.474322 0.341633 0.026163 0.073705
16 0.472384 0.417331 0.026163 0.073705
16 0.495155 0.415339 0.023256 0.069721
16 0.517442 0.413347 0.025194 0.065737
16 0.560078 0.413347 0.025194 0.065737
16 0.536337 0.408367 0.020349 0.059761
16 0.593023 0.418327 0.027132 0.059761
16 0.593508 0.489044 0.028101 0.073705
16 0.566376 0.485060 0.028101 0.073705
16 0.535368 0.485060 0.026163 0.065737
16 0.517926 0.481076 0.026163 0.065737
16 0.496124 0.482072 0.027132 0.075697
16 0.471899 0.478088 0.023256 0.067729
16 0.474806 0.551793 0.023256 0.075697
16 0.495640 0.553785 0.022287 0.071713
16 0.517442 0.550797 0.025194 0.069721
16 0.535853 0.550797 0.025194 0.069721
16 0.562016 0.556773 0.029070 0.069721
16 0.592539 0.558765 0.028101 0.069721
16 0.593023 0.627490 0.027132 0.075697
16 0.564438 0.624502 0.026163 0.069721
16 0.532946 0.620518 0.025194 0.069721
16 0.515988 0.619522 0.024225 0.071713
16 0.495155 0.621514 0.023256 0.067729
16 0.472868 0.614542 0.023256 0.065737
