16 0.839063 0.246698 0.034375 0.055660
16 0.855859 0.548585 0.036719 0.055660
16 0.853516 0.484434 0.036719 0.055660
16 0.848828 0.418396 0.036719 0.055660
16 0.848047 0.360849 0.036719 0.055660
16 0.841016 0.301415 0.036719 0.055660
16 0.859766 0.613679 0.036719 0.055660
16 0.862109 0.682547 0.036719 0.055660
16 0.824609 0.665566 0.036719 0.055660
16 0.823047 0.600472 0.036719 0.055660
16 0.821484 0.534434 0.036719 0.055660
16 0.816016 0.468396 0.036719 0.055660
16 0.814453 0.407075 0.036719 0.055660
16 0.813281 0.348113 0.034375 0.058491
16 0.810937 0.289623 0.034375 0.058491
16 0.809375 0.240094 0.032813 0.051887
16 0.780469 0.237264 0.032813 0.051887
16 0.780469 0.287264 0.032813 0.051887
16 0.780469 0.344811 0.032813 0.051887
16 0.781250 0.405189 0.032813 0.051887
16 0.780469 0.467453 0.032813 0.051887
16 0.785156 0.532547 0.032813 0.051887
16 0.787500 0.600000 0.032813 0.058491
16 0.789844 0.666038 0.032813 0.058491
16 0.745313 0.676415 0.032813 0.058491
16 0.703906 0.677358 0.032813 0.058491
16 0.671094 0.676415 0.032813 0.058491
16 0.670312 0.608491 0.032813 0.058491
16 0.702344 0.607547 0.032813 0.058491
16 0.746094 0.607547 0.032813 0.058491
16 0.745313 0.540566 0.032813 0.058491
16 0.702344 0.542453 0.032813 0.058491
16 0.670312 0.542453 0.032813 0.058491
16 0.669531 0.479245 0.032813 0.058491
16 0.700000 0.477358 0.032813 0.058491
16 0.745313 0.476415 0.032813 0.058491
16 0.742188 0.412264 0.032813 0.058491
16 0.701953 0.414623 0.035156 0.059434
16 0.670703 0.413679 0.035156 0.059434
16 0.667578 0.356132 0.035156 0.059434
16 0.701172 0.353302 0.035156 0.059434
16 0.739453 0.351415 0.035156 0.059434
16 0.737109 0.292925 0.035156 0.059434
16 0.698828 0.291981 0.035156 0.059434
16 0.669141 0.292925 0.035156 0.059434
16 0.666016 0.242453 0.035156 0.056604
16 0.698828 0.241509 0.035156 0.056604
16 0.737109 0.241509 0.035156 0.056604
