16 0.416563 0.278333 0.028125 0.036667
16 0.444063 0.276667 0.028125 0.036667
16 0.472187 0.278333 0.028125 0.036667
16 0.508125 0.285000 0.027500 0.045000
16 0.535000 0.286667 0.027500 0.045000
16 0.537813 0.336250 0.030625 0.050833
16 0.510312 0.332083 0.030625 0.050833
16 0.473438 0.327083 0.028125 0.054167
16 0.445000 0.323750 0.032500 0.055833
16 0.417500 0.325417 0.032500 0.055833
16 0.414375 0.379583 0.032500 0.055833
16 0.442500 0.378750 0.032500 0.055833
16 0.473750 0.380417 0.032500 0.055833
16 0.509375 0.388750 0.032500 0.055833
16 0.538125 0.387917 0.032500 0.055833
16 0.540000 0.443750 0.032500 0.055833
16 0.510625 0.439583 0.032500 0.055833
16 0.476250 0.432917 0.032500 0.055833
16 0.444375 0.431250 0.032500 0.055833
16 0.416250 0.431250 0.032500 0.055833
16 0.442812 0.483333 0.030625 0.055000
16 0.411250 0.482083 0.032500 0.055833
16 0.476562 0.486667 0.030625 0.055000
16 0.508437 0.493333 0.030625 0.055000
16 0.540312 0.496667 0.030625 0.055000
16 0.540312 0.551667 0.030625 0.055000
16 0.507812 0.549167 0.030625 0.055000
16 0.508437 0.601667 0.030625 0.055000
16 0.544687 0.601667 0.030625 0.055000
16 0.479063 0.595833 0.030625 0.055000
16 0.477187 0.541667 0.030625 0.055000
16 0.444063 0.538333 0.030625 0.055000
16 0.444063 0.594167 0.030625 0.055000
16 0.415938 0.595833 0.030625 0.055000
16 0.412813 0.539167 0.030625 0.055000
16 0.564063 0.276667 0.026875 0.040000
16 0.595313 0.279167 0.026875 0.040000
16 0.622812 0.277500 0.026875 0.040000
16 0.652188 0.275833 0.026875 0.040000
16 0.598125 0.327083 0.032500 0.052500
16 0.625000 0.325417 0.032500 0.052500
16 0.655000 0.322917 0.032500 0.052500
16 0.599375 0.382500 0.030000 0.053333
16 0.628125 0.380000 0.030000 0.053333
16 0.656875 0.377500 0.030000 0.053333
16 0.659375 0.431667 0.030000 0.053333
16 0.631250 0.431667 0.030000 0.053333
16 0.600000 0.434167 0.030000 0.053333
16 0.603750 0.489167 0.030000 0.053333
16 0.632500 0.487500 0.030000 0.053333
16 0.661250 0.487500 0.030000 0.053333
16 0.604375 0.543333 0.030000 0.053333
16 0.569375 0.533750 0.033750 0.059167
16 0.572500 0.597083 0.033750 0.059167
16 0.568750 0.479583 0.033750 0.059167
16 0.568438 0.427500 0.030625 0.056667
16 0.567813 0.373333 0.030625 0.056667
16 0.564688 0.319167 0.030625 0.056667
16 0.606250 0.596667 0.030000 0.053333
16 0.635000 0.540833 0.030000 0.053333
16 0.638750 0.595000 0.030000 0.053333
16 0.666250 0.594167 0.030000 0.053333
16 0.664375 0.540833 0.030000 0.053333
16 0.690000 0.327083 0.032500 0.052500
16 0.688750 0.381250 0.032500 0.052500
16 0.690000 0.436250 0.032500 0.052500
16 0.690000 0.488750 0.032500 0.052500
16 0.691250 0.543750 0.032500 0.052500
16 0.689375 0.594583 0.032500 0.052500
16 0.720625 0.597917 0.032500 0.052500
16 0.720625 0.540417 0.032500 0.052500
16 0.719688 0.488750 0.031875 0.054167
16 0.718437 0.432917 0.031875 0.054167
16 0.719063 0.382917 0.031875 0.054167
16 0.718437 0.328750 0.031875 0.054167
16 0.748437 0.329583 0.031875 0.054167
16 0.749062 0.384583 0.031875 0.054167
16 0.747812 0.437083 0.031875 0.054167
16 0.748437 0.491250 0.031875 0.054167
16 0.749062 0.545417 0.031875 0.054167
16 0.749687 0.600417 0.031875 0.054167
16 0.690937 0.280833 0.030625 0.043333
16 0.715938 0.280000 0.030625 0.043333
16 0.745313 0.279167 0.030625 0.043333
