16 0.252764 0.235540 0.037260 0.064910
16 0.403005 0.439910 0.037260 0.064910
16 0.440986 0.438625 0.037260 0.064910
16 0.285457 0.724293 0.037260 0.064910
16 0.410938 0.717866 0.037260 0.064910
16 0.445793 0.641388 0.037260 0.064910
16 0.251202 0.305591 0.037019 0.064910
16 0.398678 0.308805 0.037260 0.064910
16 0.366106 0.435733 0.037019 0.064910
16 0.286418 0.574229 0.037260 0.064910
16 0.327043 0.372108 0.037260 0.064910
16 0.447476 0.713368 0.037260 0.064910
16 0.447236 0.785668 0.037260 0.064910
16 0.399159 0.238111 0.037260 0.064910
16 0.326683 0.240681 0.037019 0.064910
16 0.288822 0.239717 0.037260 0.064910
16 0.448678 0.862468 0.037260 0.064910
16 0.410697 0.864717 0.037260 0.064910
16 0.410216 0.788239 0.037260 0.064910
16 0.436659 0.239717 0.037260 0.064910
16 0.364303 0.240360 0.037260 0.064910
16 0.288582 0.303342 0.037260 0.064910
16 0.325841 0.306555 0.037260 0.064910
16 0.363101 0.307519 0.037260 0.064910
16 0.244351 0.721722 0.037260 0.064910
16 0.372837 0.648458 0.039423 0.070051
16 0.367909 0.507712 0.039663 0.069409
16 0.322356 0.869537 0.039423 0.066838
16 0.406130 0.572461 0.033894 0.057519
16 0.408173 0.646048 0.036058 0.069730
16 0.248438 0.440071 0.039183 0.067802
16 0.325240 0.510443 0.039423 0.070373
16 0.247596 0.580334 0.040865 0.070694
16 0.325361 0.645244 0.037260 0.064910
16 0.324399 0.793541 0.038702 0.072301
16 0.249279 0.370823 0.037019 0.064910
16 0.437139 0.371144 0.037260 0.064910
16 0.248438 0.509319 0.037260 0.064910
16 0.324639 0.721401 0.037260 0.064910
16 0.282332 0.648779 0.037260 0.064910
16 0.435457 0.308805 0.037260 0.064910
16 0.286058 0.438625 0.037019 0.064910
16 0.325361 0.440231 0.037260 0.064910
16 0.287139 0.510604 0.037260 0.064910
16 0.246755 0.648458 0.037260 0.064910
16 0.402043 0.374679 0.031490 0.061697
16 0.371154 0.787275 0.037019 0.075193
16 0.372476 0.717224 0.038702 0.066838
16 0.324279 0.572943 0.038942 0.064910
16 0.444952 0.506105 0.039904 0.067481
16 0.404087 0.507551 0.039904 0.067159
16 0.287139 0.371465 0.042067 0.065553
16 0.373798 0.868091 0.041827 0.076799
16 0.368630 0.580977 0.040144 0.071337
16 0.282332 0.874036 0.040625 0.075835
16 0.282933 0.796915 0.039423 0.074550
16 0.242668 0.878213 0.043510 0.079049
16 0.445553 0.572301 0.039663 0.070051
16 0.364784 0.372429 0.039663 0.070051
16 0.239543 0.800129 0.039663 0.070051
