16 0.556686 0.176295 0.024225 0.049801
16 0.533430 0.173307 0.024225 0.051793
16 0.495155 0.174303 0.021318 0.057769
16 0.472384 0.174303 0.024225 0.061753
16 0.443798 0.174303 0.023256 0.061753
16 0.442829 0.243028 0.025194 0.067729
16 0.473837 0.239044 0.025194 0.067729
16 0.497093 0.239044 0.025194 0.067729
16 0.535853 0.233068 0.025194 0.067729
16 0.558140 0.233068 0.025194 0.067729
16 0.557655 0.296813 0.024225 0.063745
16 0.535368 0.294821 0.022287 0.059761
16 0.497578 0.300797 0.022287 0.059761
16 0.473353 0.300797 0.026163 0.067729
16 0.443314 0.302789 0.026163 0.067729
16 0.442829 0.368526 0.027132 0.071713
16 0.473353 0.366534 0.026163 0.067729
16 0.498062 0.364542 0.023256 0.075697
16 0.536337 0.359562 0.024225 0.069721
16 0.558624 0.357570 0.024225 0.065737
16 0.558140 0.428287 0.021318 0.067729
16 0.535853 0.427291 0.021318 0.065737
16 0.498547 0.432271 0.024225 0.067729
16 0.471899 0.431275 0.025194 0.061753
16 0.443798 0.433267 0.025194 0.065737
16 0.442345 0.502988 0.024225 0.065737
16 0.474806 0.497012 0.025194 0.069721
16 0.499031 0.497012 0.023256 0.065737
16 0.538275 0.493028 0.022287 0.065737
16 0.559593 0.493028 0.024225 0.069721
16 0.558140 0.559761 0.025194 0.071713
16 0.519380 0.565737 0.021318 0.067729
16 0.499031 0.564741 0.023256 0.073705
16 0.473837 0.568725 0.027132 0.073705
16 0.444767 0.573705 0.027132 0.067729
16 0.443798 0.638446 0.025194 0.069721
16 0.471899 0.635458 0.027132 0.063745
16 0.498547 0.633466 0.024225 0.067729
16 0.519864 0.630478 0.022287 0.065737
16 0.539244 0.626494 0.020349 0.061753
16 0.560078 0.626494 0.025194 0.057769
