16 0.275938 0.170417 0.025625 0.042500
16 0.302187 0.180417 0.025625 0.042500
16 0.263437 0.217917 0.029375 0.050833
16 0.395313 0.206250 0.025625 0.042500
16 0.294063 0.227083 0.029375 0.050833
16 0.322188 0.232083 0.029375 0.050833
16 0.312812 0.288750 0.029375 0.050833
16 0.284687 0.281250 0.029375 0.050833
16 0.254063 0.274583 0.029375 0.050833
16 0.243438 0.326250 0.029375 0.050833
16 0.272188 0.334583 0.029375 0.050833
16 0.304688 0.337917 0.029375 0.050833
16 0.235313 0.378750 0.029375 0.050833
16 0.260937 0.387917 0.029375 0.050833
16 0.290312 0.393750 0.029375 0.050833
16 0.317812 0.398750 0.029375 0.050833
16 0.304063 0.453750 0.029375 0.050833
16 0.280313 0.446250 0.029375 0.050833
16 0.257188 0.440417 0.029375 0.050833
16 0.226562 0.432083 0.029375 0.050833
16 0.209063 0.485417 0.029375 0.050833
16 0.240313 0.494583 0.029375 0.050833
16 0.267188 0.500417 0.029375 0.050833
16 0.290938 0.505417 0.029375 0.050833
16 0.316563 0.513750 0.029375 0.050833
16 0.347187 0.527917 0.029375 0.050833
16 0.332813 0.460417 0.029375 0.050833
16 0.368437 0.195417 0.025625 0.042500
16 0.422187 0.216250 0.025625 0.042500
16 0.354687 0.237083 0.029375 0.050833
16 0.384062 0.252083 0.029375 0.050833
16 0.411562 0.262917 0.029375 0.050833
16 0.342813 0.297083 0.029375 0.050833
16 0.369063 0.306250 0.029375 0.050833
16 0.333437 0.343750 0.029375 0.050833
16 0.355938 0.362917 0.029375 0.050833
16 0.346562 0.407083 0.029375 0.050833
16 0.358438 0.472083 0.029375 0.050833
16 0.373437 0.421250 0.029375 0.050833
16 0.385937 0.373750 0.029375 0.050833
16 0.400313 0.309583 0.029375 0.050833
16 0.450313 0.236250 0.025625 0.042500
16 0.473438 0.248750 0.025625 0.042500
16 0.500313 0.254583 0.025625 0.042500
16 0.441563 0.272083 0.029375 0.050833
16 0.465313 0.296250 0.029375 0.050833
16 0.495937 0.301250 0.029375 0.050833
16 0.482812 0.356250 0.029375 0.050833
16 0.460313 0.345417 0.029375 0.050833
16 0.431563 0.321250 0.029375 0.050833
16 0.419063 0.375417 0.029375 0.050833
16 0.441563 0.394583 0.029375 0.050833
16 0.471562 0.407083 0.029375 0.050833
16 0.461562 0.462083 0.029375 0.050833
16 0.436563 0.457917 0.029375 0.050833
16 0.409062 0.423750 0.029375 0.050833
16 0.397813 0.479583 0.029375 0.050833
16 0.382188 0.547083 0.029375 0.050833
16 0.410313 0.555417 0.029375 0.050833
16 0.419687 0.503750 0.029375 0.050833
16 0.442188 0.567917 0.029375 0.050833
16 0.450937 0.512083 0.029375 0.050833
16 0.485938 0.516250 0.029375 0.050833
16 0.493437 0.466250 0.029375 0.050833
16 0.505313 0.413750 0.029375 0.050833
16 0.518437 0.359583 0.029375 0.050833
16 0.526563 0.307917 0.029375 0.050833
16 0.537813 0.260417 0.029375 0.050833
16 0.475313 0.572917 0.029375 0.050833
16 0.507812 0.581250 0.029375 0.050833
16 0.538438 0.590417 0.029375 0.050833
16 0.545937 0.536250 0.029375 0.050833
16 0.518125 0.522500 0.032500 0.055000
16 0.525625 0.470833 0.032500 0.055000
16 0.541250 0.418333 0.032500 0.055000
16 0.547500 0.364167 0.032500 0.055000
16 0.556875 0.316667 0.032500 0.055000
16 0.566250 0.267500 0.028750 0.046667
16 0.591875 0.277500 0.028750 0.046667
16 0.585000 0.325000 0.031250 0.055000
16 0.573750 0.378333 0.032500 0.055000
16 0.564375 0.429167 0.032500 0.055000
16 0.556875 0.477500 0.032500 0.055000
