16 0.253750 0.282083 0.026250 0.044167
16 0.282500 0.282083 0.026250 0.044167
16 0.306250 0.280417 0.026250 0.044167
16 0.376875 0.278333 0.028750 0.045000
16 0.344375 0.276250 0.026250 0.044167
16 0.405000 0.280833 0.028750 0.045000
16 0.436250 0.276250 0.026250 0.035833
16 0.465000 0.285833 0.027500 0.043333
16 0.488750 0.282500 0.027500 0.043333
16 0.525625 0.280000 0.027500 0.043333
16 0.554375 0.277500 0.027500 0.043333
16 0.582500 0.277500 0.027500 0.043333
16 0.582812 0.322083 0.029375 0.045833
16 0.555937 0.322917 0.030625 0.049167
16 0.526563 0.326250 0.030625 0.049167
16 0.490938 0.330417 0.030625 0.049167
16 0.464062 0.330417 0.030625 0.049167
16 0.434375 0.320833 0.032500 0.051667
16 0.402500 0.326667 0.032500 0.051667
16 0.374375 0.322500 0.032500 0.051667
16 0.344375 0.322500 0.032500 0.051667
16 0.310625 0.327500 0.032500 0.051667
16 0.281250 0.330417 0.031250 0.050833
16 0.252500 0.330417 0.031250 0.050833
16 0.250625 0.383750 0.031250 0.050833
16 0.279375 0.382083 0.031250 0.050833
16 0.306250 0.382083 0.031250 0.050833
16 0.340000 0.381250 0.031250 0.050833
16 0.371250 0.380417 0.031250 0.050833
16 0.399375 0.381250 0.031250 0.050833
16 0.431875 0.372083 0.031250 0.050833
16 0.461875 0.388750 0.031250 0.050833
16 0.490000 0.387083 0.027500 0.052500
16 0.525625 0.379583 0.027500 0.052500
16 0.555625 0.376250 0.027500 0.052500
16 0.584375 0.376250 0.027500 0.052500
16 0.585000 0.432917 0.027500 0.052500
16 0.556875 0.430417 0.027500 0.052500
16 0.526250 0.432083 0.031250 0.052500
16 0.491250 0.435417 0.031250 0.052500
16 0.461875 0.438750 0.031250 0.052500
16 0.430625 0.425417 0.031250 0.052500
16 0.400625 0.433750 0.031250 0.052500
16 0.369375 0.433750 0.031250 0.052500
16 0.340000 0.432083 0.031250 0.052500
16 0.308125 0.434583 0.031250 0.052500
16 0.280000 0.434583 0.031250 0.052500
16 0.253125 0.433750 0.031250 0.052500
16 0.251250 0.490417 0.031250 0.052500
16 0.280000 0.488750 0.031250 0.052500
16 0.308750 0.487917 0.031250 0.052500
16 0.338125 0.485417 0.031250 0.052500
16 0.367500 0.487083 0.031250 0.052500
16 0.250625 0.544583 0.031250 0.052500
16 0.281250 0.543750 0.031250 0.052500
16 0.308750 0.542083 0.031250 0.052500
16 0.335625 0.541250 0.031250 0.052500
16 0.365000 0.541250 0.031250 0.052500
16 0.361250 0.594583 0.031250 0.052500
16 0.333750 0.592083 0.031250 0.052500
16 0.308750 0.592917 0.031250 0.052500
16 0.281875 0.596250 0.031250 0.052500
16 0.251875 0.595417 0.031250 0.052500
16 0.396875 0.489583 0.031250 0.052500
16 0.395000 0.543750 0.031250 0.052500
16 0.391875 0.596250 0.031250 0.052500
16 0.426875 0.593750 0.033750 0.060833
16 0.428750 0.532917 0.032500 0.057500
16 0.431875 0.478750 0.032500 0.057500
16 0.457500 0.493750 0.032500 0.057500
16 0.456875 0.546250 0.031250 0.057500
16 0.455000 0.600417 0.031250 0.057500
16 0.491250 0.602917 0.031250 0.057500
16 0.490000 0.545417 0.031250 0.057500
16 0.488750 0.492083 0.031250 0.057500
16 0.522500 0.592083 0.031250 0.057500
16 0.522500 0.538750 0.031250 0.057500
16 0.523125 0.487917 0.031250 0.057500
16 0.555625 0.483750 0.031250 0.057500
16 0.586250 0.483750 0.031250 0.057500
16 0.585625 0.539583 0.031250 0.057500
16 0.555000 0.538750 0.031250 0.057500
16 0.555000 0.593750 0.031250 0.057500
16 0.583750 0.598750 0.031250 0.057500
