16 0.549479 0.405859 0.034375 0.032031
16 0.616146 0.403906 0.038542 0.035937
16 0.574479 0.403125 0.034375 0.032813
16 0.645833 0.404687 0.035417 0.035937
16 0.680208 0.403906 0.035417 0.035937
16 0.546354 0.435547 0.034375 0.032031
16 0.579688 0.434766 0.034375 0.032031
16 0.617188 0.435547 0.034375 0.032031
16 0.649479 0.438672 0.034375 0.032031
16 0.681771 0.437109 0.034375 0.032031
16 0.548438 0.467578 0.034375 0.032031
16 0.554167 0.501953 0.039583 0.036719
16 0.555208 0.535547 0.039583 0.036719
16 0.556250 0.569141 0.039583 0.036719
16 0.560937 0.603125 0.042708 0.039062
16 0.561979 0.639844 0.042708 0.039062
16 0.594271 0.601562 0.042708 0.039062
16 0.590104 0.567969 0.042708 0.039062
16 0.588021 0.532813 0.042708 0.039062
16 0.586458 0.500000 0.037500 0.035937
16 0.582292 0.466406 0.037500 0.035937
16 0.616146 0.470703 0.034375 0.032031
16 0.619792 0.502344 0.037500 0.034375
16 0.650000 0.471875 0.037500 0.034375
16 0.654167 0.504687 0.037500 0.034375
16 0.657292 0.536719 0.037500 0.034375
16 0.661458 0.573438 0.037500 0.034375
16 0.659896 0.606641 0.036458 0.038281
16 0.693229 0.605859 0.036458 0.038281
16 0.691146 0.570703 0.036458 0.038281
16 0.689063 0.538672 0.036458 0.038281
16 0.688021 0.504297 0.036458 0.038281
16 0.683854 0.470703 0.036458 0.038281
16 0.716146 0.404687 0.036458 0.035937
16 0.717187 0.438281 0.036458 0.035937
16 0.719271 0.473438 0.036458 0.035937
16 0.722396 0.504687 0.036458 0.035937
16 0.727604 0.537500 0.036458 0.035937
16 0.729688 0.573438 0.036458 0.035937
16 0.729688 0.607031 0.036458 0.035937
16 0.765104 0.603906 0.036458 0.035937
16 0.764062 0.571875 0.036458 0.035937
16 0.760938 0.537500 0.036458 0.035937
16 0.756771 0.504687 0.036458 0.035937
16 0.754687 0.470313 0.036458 0.035937
16 0.749479 0.435156 0.036458 0.035937
16 0.747396 0.402344 0.036458 0.035937
16 0.776563 0.401562 0.036458 0.035937
16 0.780729 0.435156 0.036458 0.035937
16 0.781771 0.468750 0.036458 0.035937
16 0.786979 0.502344 0.036458 0.035937
16 0.797917 0.568750 0.037500 0.034375
16 0.789062 0.534375 0.036458 0.035937
16 0.801042 0.603906 0.037500 0.034375
16 0.842187 0.401562 0.036458 0.035937
16 0.871354 0.400781 0.036458 0.035937
16 0.903646 0.400000 0.036458 0.035937
16 0.908854 0.434375 0.036458 0.035937
16 0.877604 0.434375 0.036458 0.035937
16 0.845313 0.435156 0.036458 0.035937
16 0.847396 0.467969 0.036458 0.035937
16 0.880729 0.468750 0.036458 0.035937
16 0.910937 0.467187 0.036458 0.035937
16 0.917188 0.500000 0.036458 0.035937
16 0.883854 0.500781 0.036458 0.035937
16 0.850521 0.501563 0.036458 0.035937
16 0.855729 0.535937 0.036458 0.035937
16 0.889062 0.535937 0.036458 0.035937
16 0.920312 0.534375 0.036458 0.035937
16 0.925521 0.568750 0.036458 0.035937
16 0.893229 0.570312 0.036458 0.035937
16 0.860938 0.569531 0.036458 0.035937
16 0.866146 0.604688 0.036458 0.035937
16 0.900521 0.600781 0.036458 0.035937
16 0.923438 0.600000 0.036458 0.035937
