16 0.290125 0.332833 0.052250 0.090333
16 0.296125 0.235833 0.052250 0.090333
16 0.339625 0.239500 0.052250 0.090333
16 0.386875 0.238500 0.052250 0.090333
16 0.435875 0.238833 0.052250 0.090333
16 0.483375 0.236833 0.052250 0.090333
16 0.535375 0.234167 0.052250 0.090333
16 0.481625 0.327833 0.052250 0.090333
16 0.434375 0.330500 0.052250 0.090333
16 0.386875 0.327500 0.052250 0.090333
16 0.331875 0.328167 0.052250 0.090333
16 0.293375 0.413167 0.052250 0.090333
16 0.295125 0.500500 0.052250 0.090333
16 0.386875 0.422833 0.052250 0.090333
16 0.432875 0.423500 0.052250 0.090333
16 0.482125 0.421500 0.052250 0.090333
16 0.529625 0.426167 0.052250 0.090333
16 0.528625 0.325833 0.052250 0.090333
16 0.529125 0.512833 0.052250 0.090333
16 0.476125 0.513833 0.052250 0.090333
16 0.430125 0.512833 0.052250 0.090333
16 0.339875 0.505833 0.052250 0.090333
16 0.339375 0.416500 0.052250 0.090333
16 0.293375 0.586500 0.052250 0.090333
16 0.341625 0.592500 0.052250 0.090333
16 0.336375 0.678833 0.052250 0.090333
16 0.385375 0.512500 0.052250 0.090333
16 0.430375 0.596167 0.052250 0.090333
16 0.386875 0.596167 0.052250 0.090333
16 0.530375 0.600167 0.052250 0.090333
16 0.529625 0.696500 0.052250 0.090333
16 0.479875 0.603167 0.052250 0.090333
16 0.483125 0.693833 0.052250 0.090333
16 0.437125 0.690500 0.052250 0.090333
16 0.386375 0.680500 0.052250 0.090333
16 0.292375 0.671500 0.052250 0.090333
