16 0.349500 0.721000 0.045500 0.073333
16 0.061125 0.463500 0.036250 0.057000
16 0.450375 0.529500 0.041750 0.073000
16 0.453375 0.320167 0.036250 0.057000
16 0.135375 0.437333 0.031250 0.058667
16 0.398625 0.471500 0.037750 0.067667
16 0.415625 0.330000 0.036750 0.064667
16 0.377625 0.344167 0.038750 0.063667
16 0.256250 0.674500 0.037000 0.059667
16 0.220250 0.406167 0.037000 0.059667
16 0.524875 0.291333 0.038250 0.066000
16 0.411000 0.540000 0.039000 0.070000
16 0.435500 0.461500 0.036500 0.068333
16 0.329750 0.581833 0.036500 0.068333
16 0.288625 0.594000 0.037250 0.072667
16 0.476500 0.450500 0.036500 0.068333
16 0.268125 0.747167 0.038250 0.069000
16 0.248000 0.604667 0.038500 0.070667
16 0.462750 0.385500 0.036500 0.068333
16 0.423500 0.393833 0.036500 0.068333
16 0.315750 0.516500 0.036500 0.068333
16 0.386750 0.405167 0.036500 0.068333
16 0.339750 0.653167 0.036500 0.068333
16 0.308250 0.734500 0.036500 0.068333
16 0.260000 0.391167 0.036500 0.068333
16 0.295250 0.379833 0.036500 0.068333
16 0.227000 0.470833 0.036500 0.068333
16 0.095000 0.450500 0.036500 0.068333
16 0.305500 0.445833 0.036500 0.068333
16 0.296750 0.663500 0.036500 0.068333
16 0.276000 0.521167 0.036500 0.068333
16 0.267250 0.459500 0.036500 0.068333
16 0.067750 0.528167 0.036500 0.068333
16 0.103500 0.520000 0.038000 0.072667
16 0.145750 0.499667 0.038000 0.072667
16 0.234000 0.534000 0.038000 0.072667
16 0.153500 0.568333 0.038000 0.072667
16 0.113500 0.581667 0.038000 0.072667
16 0.076500 0.595000 0.038000 0.072667
16 0.086250 0.666333 0.038000 0.072667
16 0.125500 0.653333 0.038000 0.072667
16 0.164500 0.636000 0.038000 0.072667
16 0.176500 0.707667 0.038000 0.072667
16 0.137500 0.719333 0.038000 0.072667
16 0.094250 0.731333 0.038000 0.072667
16 0.106250 0.807000 0.038000 0.072667
16 0.144250 0.791000 0.038000 0.072667
16 0.186500 0.773667 0.038000 0.072667
16 0.489625 0.513500 0.041750 0.073000
16 0.502625 0.579500 0.041750 0.073000
16 0.464625 0.595500 0.041750 0.073000
16 0.425625 0.608500 0.041750 0.073000
16 0.434375 0.678833 0.041750 0.073000
16 0.475625 0.664167 0.041750 0.073000
16 0.517625 0.655167 0.041750 0.073000
16 0.559875 0.278333 0.038250 0.066000
16 0.598875 0.268000 0.038250 0.066000
16 0.615125 0.320000 0.038250 0.066000
16 0.575875 0.334667 0.038250 0.066000
16 0.539125 0.345000 0.038250 0.066000
16 0.552125 0.413667 0.038250 0.066000
16 0.589125 0.398000 0.038250 0.066000
16 0.629125 0.387333 0.038250 0.066000
16 0.644375 0.452000 0.038250 0.066000
16 0.603125 0.466667 0.038250 0.066000
16 0.566125 0.477000 0.038250 0.066000
16 0.579375 0.547333 0.038250 0.066000
16 0.622750 0.535667 0.045000 0.074667
16 0.664000 0.529333 0.045000 0.074667
16 0.635250 0.611000 0.045000 0.074667
16 0.678500 0.595000 0.045000 0.074667
16 0.588500 0.623333 0.045000 0.074667
