18 0.346614 0.267917 0.067729 0.059167
18 0.409363 0.272500 0.067729 0.063333
18 0.470618 0.265417 0.062749 0.055833
18 0.537351 0.265417 0.074701 0.059167
18 0.597112 0.265417 0.074701 0.059167
18 0.664841 0.265417 0.074701 0.059167
18 0.676793 0.338333 0.074701 0.085000
18 0.609562 0.335000 0.069721 0.088333
18 0.544821 0.333750 0.073705 0.090833
18 0.475100 0.334583 0.073705 0.090833
18 0.410359 0.342917 0.073705 0.090833
18 0.342629 0.336250 0.073705 0.090833
18 0.340139 0.422917 0.078685 0.094167
18 0.411853 0.428750 0.078685 0.094167
18 0.479582 0.422083 0.078685 0.094167
18 0.551793 0.422500 0.075697 0.093333
18 0.616534 0.423333 0.075697 0.093333
18 0.683267 0.424167 0.075697 0.093333
18 0.689243 0.518333 0.075697 0.093333
18 0.626494 0.515000 0.075697 0.093333
18 0.558765 0.513333 0.075697 0.093333
18 0.484064 0.510833 0.075697 0.093333
18 0.414343 0.519167 0.075697 0.093333
18 0.335657 0.513333 0.075697 0.093333
18 0.328685 0.612917 0.077689 0.105833
18 0.415339 0.616250 0.077689 0.105833
18 0.491036 0.611250 0.077689 0.105833
18 0.565737 0.613750 0.077689 0.105833
18 0.635956 0.614167 0.072709 0.103333
18 0.697211 0.612500 0.067729 0.098333
18 0.710159 0.722917 0.065737 0.107500
18 0.647908 0.720000 0.076693 0.113333
18 0.573705 0.717500 0.083665 0.106667
18 0.499004 0.714167 0.083665 0.106667
18 0.413347 0.720000 0.083665 0.106667
18 0.321713 0.718333 0.083665 0.106667
