18 0.878966 0.210315 0.052644 0.092866
18 0.832332 0.207102 0.052644 0.092866
18 0.783654 0.200193 0.051442 0.088689
18 0.736298 0.200193 0.051442 0.088689
18 0.691587 0.200514 0.051442 0.088689
18 0.651683 0.201960 0.048558 0.085154
18 0.648077 0.284544 0.048558 0.085154
18 0.688942 0.284383 0.044712 0.085476
18 0.732933 0.285668 0.044712 0.085476
18 0.779567 0.285668 0.044712 0.085476
18 0.827163 0.296915 0.047596 0.091260
18 0.875721 0.299165 0.047596 0.091260
18 0.869231 0.394602 0.047596 0.091260
18 0.822837 0.392192 0.050481 0.100578
18 0.774760 0.376125 0.050481 0.100578
18 0.729808 0.374357 0.048077 0.095116
18 0.685817 0.371144 0.048077 0.095116
18 0.641346 0.369537 0.048077 0.095116
18 0.634495 0.456620 0.043990 0.092545
18 0.678005 0.460154 0.043990 0.092545
18 0.723678 0.463689 0.043990 0.092545
18 0.769231 0.467224 0.046635 0.095116
18 0.815625 0.482326 0.048558 0.097686
18 0.864423 0.485540 0.048558 0.097686
18 0.860457 0.582423 0.052163 0.104434
18 0.811178 0.572783 0.052163 0.104434
18 0.764543 0.559287 0.052163 0.104434
18 0.718870 0.551575 0.052163 0.104434
18 0.673798 0.547237 0.044712 0.091260
18 0.629327 0.542577 0.041827 0.095437
18 0.624038 0.629017 0.044712 0.094794
18 0.668029 0.635443 0.044712 0.094794
18 0.712019 0.643156 0.044712 0.094794
18 0.759375 0.652153 0.044712 0.094794
18 0.807212 0.667898 0.044712 0.094794
18 0.853846 0.675932 0.048558 0.099936
18 0.848317 0.769762 0.048558 0.099936
18 0.802404 0.758837 0.048558 0.099936
18 0.753726 0.744377 0.048798 0.103149
18 0.706731 0.734415 0.050962 0.099293
18 0.664062 0.727346 0.044952 0.095437
18 0.618510 0.716581 0.045673 0.092545
18 0.611779 0.807519 0.045673 0.092545
18 0.658173 0.816517 0.045673 0.092545
18 0.702163 0.827763 0.045673 0.092545
18 0.748317 0.837564 0.046635 0.097365
18 0.796635 0.855880 0.046635 0.097365
18 0.843029 0.862950 0.046635 0.097365
