18 0.124387 0.373047 0.027206 0.050781
18 0.150368 0.372396 0.027206 0.050781
18 0.177328 0.371745 0.027206 0.050781
18 0.173407 0.422852 0.027206 0.050781
18 0.148162 0.423177 0.027206 0.050781
18 0.120588 0.423665 0.030882 0.055664
18 0.117402 0.475749 0.028922 0.055664
18 0.143627 0.475098 0.028922 0.055664
18 0.170588 0.474121 0.028922 0.055664
18 0.166912 0.528158 0.028922 0.055664
18 0.140686 0.527832 0.028922 0.055664
18 0.113971 0.528809 0.028922 0.055664
18 0.109559 0.581868 0.028922 0.055664
18 0.136520 0.582520 0.028922 0.055664
18 0.163725 0.581217 0.028922 0.055664
18 0.160294 0.637044 0.031863 0.057943
18 0.132843 0.638997 0.031863 0.057943
18 0.104412 0.638835 0.032353 0.058919
18 0.100490 0.697428 0.032353 0.058919
18 0.127696 0.695801 0.032353 0.058919
18 0.156863 0.695964 0.030882 0.058594
18 0.150858 0.753092 0.033578 0.059570
18 0.123775 0.753906 0.030392 0.059896
18 0.095466 0.754883 0.032108 0.062500
