15 0.665865 0.221154 0.047115 0.057692
15 0.709135 0.210897 0.047115 0.057692
15 0.742788 0.201923 0.047115 0.057692
15 0.777404 0.193590 0.037500 0.061538
15 0.818750 0.191026 0.037500 0.061538
15 0.827885 0.267308 0.040385 0.075641
15 0.790385 0.263462 0.040385 0.075641
15 0.754808 0.267308 0.040385 0.075641
15 0.717308 0.273718 0.040385 0.075641
15 0.674519 0.288462 0.047115 0.066667
15 0.682212 0.368590 0.045192 0.075641
15 0.725481 0.354487 0.045192 0.075641
15 0.762981 0.345513 0.035577 0.067949
15 0.799038 0.337821 0.040385 0.065385
15 0.837500 0.342949 0.040385 0.065385
15 0.846154 0.424359 0.044231 0.076923
15 0.855288 0.502564 0.045192 0.074359
15 0.863942 0.583333 0.045192 0.074359
15 0.871635 0.664103 0.045192 0.074359
15 0.880288 0.752564 0.045192 0.074359
15 0.854327 0.742949 0.043269 0.065385
15 0.842308 0.658974 0.042308 0.076923
15 0.829327 0.577564 0.037500 0.073077
15 0.817788 0.496795 0.039423 0.060256
15 0.808654 0.414103 0.046154 0.069231
15 0.772115 0.421795 0.040385 0.066667
15 0.735096 0.432692 0.043269 0.078205
15 0.688462 0.445513 0.048077 0.073077
15 0.696635 0.525641 0.047115 0.079487
15 0.743269 0.509615 0.046154 0.073077
15 0.781731 0.502564 0.040385 0.066667
15 0.704327 0.605128 0.047115 0.079487
15 0.752404 0.589744 0.047115 0.079487
15 0.788942 0.580769 0.047115 0.079487
15 0.842308 0.660256 0.042308 0.071795
15 0.802404 0.663462 0.041346 0.075641
15 0.762981 0.676282 0.041346 0.075641
15 0.713942 0.687821 0.041346 0.075641
15 0.723558 0.778205 0.050962 0.092308
15 0.776442 0.765385 0.050962 0.092308
15 0.812019 0.744872 0.045192 0.076923
