15 0.620625 0.236250 0.031250 0.035833
15 0.645000 0.235000 0.025000 0.033333
15 0.668750 0.235000 0.025000 0.033333
15 0.696250 0.238333 0.023750 0.036667
15 0.727812 0.242917 0.028125 0.040833
15 0.729375 0.292917 0.030000 0.052500
15 0.699375 0.283750 0.030000 0.052500
15 0.673750 0.279583 0.028750 0.049167
15 0.647813 0.280833 0.026875 0.048333
15 0.622188 0.282500 0.026875 0.048333
15 0.624375 0.335833 0.030000 0.050000
15 0.652188 0.335417 0.029375 0.050833
15 0.676250 0.331667 0.027500 0.050000
15 0.703750 0.339167 0.027500 0.050000
15 0.733750 0.346667 0.027500 0.050000
15 0.736875 0.400000 0.027500 0.050000
15 0.706875 0.393333 0.027500 0.050000
15 0.679063 0.386250 0.024375 0.047500
15 0.652813 0.390417 0.024375 0.047500
15 0.627188 0.390417 0.024375 0.047500
15 0.627812 0.447083 0.024375 0.047500
15 0.655312 0.447917 0.024375 0.047500
15 0.680937 0.443750 0.024375 0.047500
15 0.709063 0.448750 0.024375 0.047500
15 0.739062 0.454583 0.024375 0.047500
15 0.742188 0.516250 0.024375 0.047500
15 0.713437 0.509583 0.024375 0.047500
15 0.683438 0.499583 0.024375 0.047500
15 0.655937 0.502917 0.024375 0.047500
15 0.628437 0.500417 0.024375 0.047500
15 0.631250 0.565000 0.032500 0.056667
15 0.660937 0.564167 0.028125 0.053333
15 0.687187 0.560833 0.028125 0.053333
15 0.718437 0.566667 0.028125 0.053333
15 0.747188 0.570000 0.028125 0.053333
15 0.748437 0.632917 0.028125 0.065833
15 0.720313 0.629583 0.028125 0.065833
15 0.689688 0.619583 0.028125 0.054167
15 0.664062 0.627917 0.028125 0.054167
15 0.632812 0.626250 0.028125 0.054167
