15 0.342608 0.218750 0.093854 0.078750
15 0.399917 0.229375 0.093854 0.078750
15 0.523671 0.246250 0.093854 0.078750
15 0.709718 0.261250 0.093854 0.078750
15 0.640781 0.262500 0.093854 0.078750
15 0.692276 0.350625 0.102159 0.102500
15 0.622508 0.357500 0.102159 0.102500
15 0.665698 0.444375 0.102159 0.102500
15 0.594269 0.450000 0.102159 0.102500
15 0.561877 0.538750 0.102159 0.102500
15 0.637458 0.533125 0.102159 0.102500
15 0.609219 0.625625 0.102159 0.102500
15 0.535299 0.627500 0.102159 0.102500
15 0.501246 0.715625 0.102159 0.102500
15 0.576827 0.713125 0.102159 0.102500
15 0.551910 0.803125 0.102159 0.102500
15 0.487126 0.800625 0.102159 0.102500
15 0.454734 0.881875 0.102159 0.102500
15 0.525332 0.887500 0.102159 0.102500
15 0.359219 0.868750 0.102159 0.102500
15 0.379153 0.791250 0.102159 0.102500
15 0.403239 0.708750 0.102159 0.102500
15 0.428156 0.619375 0.102159 0.102500
15 0.452243 0.532500 0.102159 0.102500
15 0.473837 0.441250 0.102159 0.102500
15 0.498754 0.348750 0.102159 0.102500
15 0.378322 0.330000 0.102159 0.102500
15 0.351744 0.422500 0.102159 0.102500
15 0.335133 0.510000 0.102159 0.102500
15 0.310216 0.595625 0.102159 0.102500
15 0.294435 0.679375 0.102159 0.102500
15 0.267027 0.768125 0.102159 0.102500
15 0.247093 0.857500 0.102159 0.102500
15 0.171512 0.840000 0.102159 0.102500
15 0.193106 0.764375 0.102159 0.102500
15 0.218854 0.676875 0.102159 0.102500
15 0.240449 0.586250 0.102159 0.102500
15 0.260382 0.501875 0.102159 0.102500
15 0.291944 0.406250 0.102159 0.102500
15 0.321013 0.311875 0.102159 0.102500
15 0.136213 0.225625 0.021595 0.018750
15 0.147010 0.250937 0.028239 0.023125
15 0.137043 0.309688 0.031561 0.026875
15 0.140365 0.278438 0.031561 0.026875
15 0.131229 0.339687 0.031561 0.026875
15 0.122093 0.365312 0.031561 0.026875
15 0.111296 0.422812 0.033223 0.030625
15 0.112126 0.394062 0.031561 0.026875
15 0.139535 0.423438 0.033223 0.030625
15 0.147841 0.396562 0.033223 0.030625
15 0.153654 0.366563 0.033223 0.030625
15 0.160299 0.340938 0.033223 0.030625
15 0.162791 0.310937 0.033223 0.030625
15 0.117525 0.312188 0.030731 0.029375
15 0.109219 0.341250 0.025748 0.030000
15 0.151163 0.225938 0.028239 0.023125
15 0.128738 0.247812 0.023256 0.023125
15 0.121678 0.278438 0.022425 0.025625
