15 0.273750 0.244167 0.028750 0.046667
15 0.303125 0.241667 0.028750 0.046667
15 0.330625 0.237917 0.028750 0.037500
15 0.355312 0.235833 0.024375 0.033333
15 0.377812 0.235833 0.023125 0.030000
15 0.377188 0.282083 0.025625 0.044167
15 0.351562 0.281250 0.025625 0.044167
15 0.326562 0.277917 0.025625 0.044167
15 0.298438 0.284583 0.025625 0.044167
15 0.269062 0.291250 0.025625 0.044167
15 0.266562 0.345417 0.025625 0.044167
15 0.294687 0.339583 0.025625 0.044167
15 0.324062 0.331250 0.025625 0.044167
15 0.350313 0.336250 0.025625 0.044167
15 0.375312 0.334583 0.025625 0.044167
15 0.372188 0.389583 0.028125 0.049167
15 0.346562 0.391250 0.028125 0.049167
15 0.320937 0.386250 0.028125 0.049167
15 0.292187 0.394583 0.028125 0.049167
15 0.264688 0.398750 0.028125 0.049167
15 0.260625 0.458333 0.028750 0.058333
15 0.290000 0.452500 0.028750 0.058333
15 0.318437 0.448333 0.030625 0.055000
15 0.344062 0.448333 0.030625 0.055000
15 0.370312 0.449167 0.030625 0.055000
15 0.370312 0.505833 0.030625 0.055000
15 0.339687 0.505833 0.030625 0.055000
15 0.314688 0.502500 0.030625 0.055000
15 0.285938 0.507500 0.030625 0.055000
15 0.257188 0.514167 0.030625 0.055000
15 0.254063 0.573333 0.030625 0.055000
15 0.280938 0.570000 0.030625 0.055000
15 0.312812 0.562500 0.030625 0.055000
15 0.339062 0.566667 0.030625 0.055000
15 0.367188 0.563333 0.030625 0.055000
15 0.367812 0.629167 0.030625 0.055000
15 0.337187 0.626667 0.030625 0.055000
15 0.308437 0.620000 0.030625 0.055000
15 0.281562 0.628333 0.030625 0.055000
15 0.253437 0.637500 0.030625 0.055000
