15 0.657212 0.207692 0.047115 0.069231
15 0.699519 0.205128 0.047115 0.069231
15 0.740865 0.203846 0.037500 0.064103
15 0.774519 0.205128 0.037500 0.064103
15 0.815865 0.203846 0.037500 0.064103
15 0.816827 0.276923 0.037500 0.064103
15 0.776442 0.267949 0.037500 0.064103
15 0.740865 0.267949 0.037500 0.064103
15 0.703365 0.270513 0.037500 0.064103
15 0.658173 0.275000 0.049038 0.070513
15 0.658173 0.359615 0.049038 0.070513
15 0.704327 0.351923 0.049038 0.070513
15 0.742308 0.350000 0.038462 0.071795
15 0.780769 0.348718 0.038462 0.071795
15 0.815385 0.356410 0.038462 0.071795
15 0.785096 0.431410 0.039423 0.075641
15 0.822115 0.439744 0.038462 0.071795
15 0.749519 0.431410 0.039423 0.075641
15 0.707692 0.433333 0.044231 0.079487
15 0.661058 0.439103 0.047115 0.078205
15 0.659135 0.521154 0.047115 0.078205
15 0.708173 0.516667 0.045192 0.076923
15 0.748558 0.512179 0.041346 0.070513
15 0.786538 0.512821 0.040385 0.076923
15 0.823077 0.521795 0.040385 0.076923
15 0.826923 0.611538 0.040385 0.076923
15 0.790385 0.601282 0.040385 0.076923
15 0.750962 0.597436 0.040385 0.076923
15 0.711538 0.601282 0.040385 0.076923
15 0.662500 0.606410 0.048077 0.079487
15 0.664423 0.693590 0.048077 0.079487
15 0.665865 0.785897 0.052885 0.089744
15 0.713942 0.688462 0.047115 0.082051
15 0.716827 0.778205 0.047115 0.082051
15 0.759135 0.774359 0.047115 0.082051
15 0.755288 0.687821 0.043269 0.080769
15 0.794231 0.688462 0.038462 0.071795
15 0.830769 0.697436 0.038462 0.071795
15 0.833654 0.782692 0.036538 0.083333
15 0.798558 0.775000 0.041346 0.078205
