15 0.291528 0.268437 0.091362 0.099375
15 0.352990 0.266875 0.081395 0.098750
15 0.294850 0.362187 0.091362 0.099375
15 0.360465 0.366250 0.081395 0.098750
15 0.302326 0.457813 0.091362 0.099375
15 0.366279 0.460000 0.081395 0.098750
15 0.372924 0.555625 0.081395 0.098750
15 0.304817 0.555937 0.091362 0.099375
15 0.301495 0.649062 0.091362 0.099375
15 0.305233 0.737500 0.092193 0.093750
15 0.304402 0.831250 0.092193 0.093750
15 0.302741 0.918750 0.092193 0.093750
15 0.375415 0.648750 0.081395 0.098750
15 0.376246 0.738125 0.081395 0.098750
15 0.377076 0.830625 0.081395 0.098750
15 0.377907 0.914375 0.081395 0.098750
15 0.490449 0.910000 0.092193 0.093750
15 0.489618 0.825000 0.092193 0.093750
15 0.489618 0.733750 0.092193 0.093750
15 0.483804 0.643750 0.092193 0.093750
15 0.484635 0.552500 0.092193 0.093750
15 0.482973 0.461250 0.092193 0.093750
15 0.481312 0.359375 0.092193 0.093750
15 0.479651 0.261250 0.092193 0.093750
15 0.656977 0.251250 0.094684 0.080000
15 0.657392 0.337813 0.098837 0.098125
15 0.656561 0.438437 0.098837 0.098125
15 0.654900 0.534062 0.098837 0.098125
15 0.654900 0.624687 0.098837 0.098125
15 0.653239 0.720938 0.098837 0.098125
15 0.653239 0.813438 0.098837 0.098125
15 0.654070 0.903125 0.098837 0.091250
15 0.593854 0.911563 0.091362 0.086875
15 0.595515 0.819688 0.091362 0.086875
15 0.594684 0.724688 0.091362 0.086875
15 0.590532 0.637813 0.091362 0.086875
15 0.593023 0.544063 0.091362 0.086875
15 0.599668 0.448437 0.091362 0.086875
15 0.599668 0.354063 0.091362 0.086875
15 0.598007 0.257188 0.078073 0.083125
15 0.156977 0.500938 0.038206 0.034375
15 0.154485 0.468438 0.038206 0.034375
15 0.151163 0.439688 0.033223 0.026875
15 0.147425 0.413125 0.029070 0.023750
15 0.145764 0.381875 0.029070 0.023750
15 0.118771 0.413438 0.026578 0.026875
15 0.115033 0.383750 0.029070 0.023750
15 0.121262 0.474687 0.026578 0.031875
15 0.117110 0.440937 0.026578 0.026875
15 0.123754 0.507812 0.026578 0.031875
15 0.114618 0.355938 0.026578 0.031875
15 0.113372 0.324375 0.027409 0.028750
15 0.088870 0.299375 0.019934 0.022500
15 0.109635 0.297812 0.024917 0.023125
15 0.092608 0.327188 0.020764 0.024375
15 0.094269 0.358125 0.019103 0.023750
