15 0.264875 0.222833 0.083250 0.113667
15 0.332125 0.211167 0.083250 0.113667
15 0.349375 0.332167 0.068750 0.115000
15 0.276875 0.344167 0.068750 0.115000
15 0.289125 0.472500 0.068750 0.115000
15 0.288625 0.471833 0.068750 0.115000
15 0.359875 0.458500 0.068750 0.115000
15 0.373125 0.577500 0.068750 0.115000
15 0.306125 0.590833 0.068750 0.115000
15 0.317125 0.697167 0.068750 0.115000
15 0.385375 0.686500 0.068750 0.115000
15 0.392125 0.781833 0.068750 0.115000
15 0.335375 0.799167 0.068750 0.115000
