16 0.215712 0.368056 0.025174 0.041667
16 0.216580 0.406250 0.023438 0.037037
16 0.215712 0.447917 0.023438 0.043981
16 0.216580 0.493634 0.025174 0.047454
16 0.215712 0.532986 0.026910 0.045139
16 0.214410 0.573495 0.026042 0.040509
16 0.231337 0.568287 0.021701 0.039352
16 0.232205 0.531829 0.018229 0.038194
16 0.230903 0.489005 0.022569 0.038194
16 0.231771 0.446181 0.022569 0.045139
16 0.233507 0.403935 0.020833 0.037037
16 0.233507 0.367477 0.020833 0.040509
16 0.254774 0.365741 0.025174 0.039352
16 0.253038 0.404514 0.025174 0.042824
16 0.253472 0.445602 0.027778 0.043981
16 0.252604 0.487269 0.026042 0.043981
16 0.251302 0.528356 0.025174 0.042824
16 0.249566 0.566551 0.025174 0.038194
16 0.276910 0.566551 0.024306 0.038194
16 0.276042 0.526042 0.027778 0.042824
16 0.279080 0.487269 0.025174 0.041667
16 0.280816 0.445023 0.025174 0.042824
16 0.283854 0.406829 0.026042 0.038194
16 0.283420 0.366898 0.023438 0.039352
16 0.305122 0.365162 0.023438 0.038194
16 0.304253 0.402778 0.025174 0.041667
16 0.304688 0.445023 0.026042 0.047454
16 0.305122 0.488426 0.030382 0.043981
16 0.304253 0.526620 0.028646 0.037037
16 0.302517 0.566551 0.028646 0.047454
16 0.391493 0.564236 0.024306 0.042824
16 0.390191 0.522569 0.025174 0.038194
16 0.391927 0.480903 0.021701 0.035880
16 0.390191 0.443866 0.025174 0.040509
16 0.393663 0.401620 0.021701 0.034722
16 0.395399 0.364005 0.019965 0.035880
16 0.424913 0.365741 0.018229 0.037037
16 0.425347 0.402199 0.020833 0.040509
16 0.424913 0.442708 0.023438 0.045139
16 0.423611 0.486111 0.024306 0.046296
16 0.422309 0.527778 0.025174 0.041667
16 0.440538 0.564236 0.023438 0.049769
16 0.419271 0.565972 0.027778 0.043981
16 0.440538 0.520833 0.021701 0.032407
16 0.441840 0.482639 0.020833 0.034722
16 0.441406 0.443287 0.023438 0.041667
16 0.440104 0.401620 0.024306 0.037037
16 0.440538 0.368634 0.021701 0.035880
16 0.461372 0.366319 0.023438 0.035880
16 0.460938 0.405093 0.026042 0.046296
16 0.459635 0.447338 0.026910 0.042824
16 0.457899 0.486690 0.026910 0.040509
16 0.458767 0.524306 0.023438 0.039352
16 0.457899 0.564236 0.025174 0.045139
16 0.482205 0.563657 0.026910 0.048611
16 0.483073 0.517940 0.021701 0.038194
16 0.483507 0.480324 0.026042 0.046296
16 0.486111 0.400463 0.022569 0.039352
16 0.484375 0.439815 0.022569 0.043981
16 0.506944 0.401042 0.022569 0.045139
16 0.483073 0.361690 0.021701 0.028935
16 0.504340 0.361690 0.020833 0.028935
16 0.505642 0.443287 0.023438 0.043981
16 0.505208 0.483796 0.026042 0.041667
16 0.504340 0.522569 0.027778 0.040509
16 0.502604 0.563079 0.027778 0.045139
16 0.527344 0.563657 0.025174 0.039352
16 0.526476 0.521991 0.026910 0.039352
16 0.528646 0.482060 0.024306 0.038194
16 0.528212 0.441551 0.026910 0.038194
16 0.528646 0.401620 0.024306 0.039352
16 0.526910 0.365162 0.024306 0.028935
16 0.553385 0.371528 0.019965 0.034722
16 0.552083 0.406829 0.019097 0.040509
16 0.552517 0.455440 0.023438 0.045139
16 0.551649 0.495949 0.025174 0.040509
16 0.549479 0.533565 0.024306 0.039352
16 0.548177 0.572917 0.025174 0.043981
