16 0.157031 0.243868 0.035937 0.061321
16 0.191016 0.236321 0.032031 0.051887
16 0.216797 0.238208 0.032031 0.051887
16 0.262109 0.240094 0.032031 0.051887
16 0.301172 0.243396 0.036719 0.052830
16 0.333203 0.243396 0.036719 0.052830
16 0.330859 0.296226 0.036719 0.052830
16 0.301172 0.296226 0.036719 0.052830
16 0.259766 0.292453 0.036719 0.052830
16 0.217578 0.288679 0.036719 0.052830
16 0.191016 0.287736 0.036719 0.052830
16 0.157422 0.302830 0.036719 0.052830
16 0.151172 0.362264 0.036719 0.052830
16 0.185547 0.347642 0.036719 0.051887
16 0.216797 0.349057 0.038281 0.056604
16 0.256641 0.353774 0.038281 0.056604
16 0.300391 0.355660 0.038281 0.056604
16 0.328516 0.354717 0.038281 0.056604
16 0.328906 0.416038 0.035937 0.058491
16 0.299219 0.416038 0.035937 0.058491
16 0.256250 0.412264 0.035937 0.058491
16 0.217188 0.408491 0.035937 0.058491
16 0.184375 0.407547 0.035937 0.058491
16 0.148438 0.416981 0.035937 0.058491
16 0.143750 0.484906 0.035937 0.058491
16 0.179688 0.469811 0.035937 0.058491
16 0.216406 0.469811 0.035937 0.058491
16 0.253906 0.476415 0.035937 0.058491
16 0.296484 0.479717 0.039844 0.063208
16 0.327734 0.476887 0.039844 0.063208
16 0.330859 0.546698 0.039844 0.063208
16 0.294922 0.542925 0.039844 0.063208
16 0.255078 0.541038 0.039844 0.063208
16 0.214453 0.533491 0.039844 0.063208
16 0.179297 0.534434 0.039844 0.063208
16 0.141016 0.545755 0.039844 0.063208
16 0.136328 0.614623 0.039844 0.063208
16 0.174609 0.595755 0.039844 0.063208
16 0.208984 0.595755 0.039844 0.063208
16 0.249609 0.604245 0.039844 0.063208
16 0.293359 0.608019 0.039844 0.063208
16 0.328516 0.607075 0.039844 0.063208
16 0.329297 0.675000 0.039844 0.063208
16 0.295703 0.676887 0.039844 0.063208
16 0.251172 0.675000 0.039844 0.063208
16 0.209766 0.666509 0.039844 0.063208
16 0.171484 0.664623 0.039844 0.063208
16 0.137109 0.676887 0.039844 0.063208
