16 0.331875 0.233333 0.038250 0.055333
16 0.562500 0.208000 0.038000 0.058000
16 0.522875 0.214167 0.035750 0.055667
16 0.482375 0.218000 0.040750 0.056000
16 0.428375 0.571333 0.047750 0.074667
16 0.387250 0.574000 0.044000 0.076667
16 0.346750 0.578833 0.044500 0.078333
16 0.422375 0.496167 0.046750 0.069667
16 0.380875 0.502333 0.043750 0.073333
16 0.343375 0.508167 0.042750 0.067667
16 0.419000 0.424833 0.048000 0.072333
16 0.378000 0.431833 0.041000 0.067000
16 0.340250 0.437500 0.039500 0.065000
16 0.416125 0.356167 0.041750 0.063000
16 0.372500 0.356167 0.041000 0.063000
16 0.334125 0.362667 0.043750 0.068667
16 0.410375 0.285500 0.044750 0.065000
16 0.370375 0.293167 0.040750 0.064333
16 0.333125 0.297667 0.042250 0.062667
16 0.405875 0.227000 0.040750 0.056000
16 0.367125 0.231667 0.040750 0.056000
16 0.490750 0.283333 0.038000 0.062000
16 0.529375 0.277167 0.039250 0.063000
16 0.568500 0.273333 0.037000 0.059333
16 0.496500 0.350500 0.038500 0.070333
16 0.535250 0.343500 0.038500 0.070333
16 0.573250 0.337500 0.038500 0.070333
16 0.581000 0.407167 0.038500 0.070333
16 0.541250 0.413167 0.038500 0.070333
16 0.500750 0.416167 0.038500 0.070333
16 0.504125 0.490833 0.038750 0.070333
16 0.547625 0.486833 0.038750 0.070333
16 0.589375 0.480167 0.038750 0.070333
16 0.509625 0.562167 0.038750 0.070333
16 0.553625 0.555833 0.038750 0.070333
16 0.598875 0.549167 0.038750 0.070333
16 0.647875 0.201500 0.033750 0.059667
16 0.686375 0.199500 0.033750 0.059667
16 0.725625 0.193167 0.033750 0.059667
16 0.655750 0.267500 0.039500 0.063667
16 0.693750 0.264833 0.039500 0.063667
16 0.733500 0.259833 0.039500 0.063667
16 0.660250 0.334833 0.039500 0.063667
16 0.700000 0.330167 0.039500 0.063667
16 0.743750 0.324833 0.039500 0.063667
16 0.686500 0.551167 0.042500 0.071667
16 0.679125 0.476333 0.040750 0.068000
16 0.772750 0.539500 0.042500 0.071667
16 0.730500 0.545833 0.042500 0.071667
16 0.719875 0.471667 0.040750 0.068000
16 0.762875 0.466000 0.040750 0.068000
16 0.671000 0.404833 0.037500 0.064333
16 0.711250 0.399833 0.037500 0.064333
16 0.753250 0.394167 0.037500 0.064333
16 0.810875 0.181500 0.033750 0.059667
16 0.852125 0.179000 0.035750 0.060667
16 0.890125 0.175333 0.035750 0.060667
16 0.902375 0.239167 0.036250 0.059667
16 0.862125 0.242833 0.036250 0.059667
16 0.820500 0.247167 0.037500 0.061000
16 0.828750 0.313833 0.037500 0.061000
16 0.871250 0.311667 0.035000 0.064000
16 0.911375 0.305667 0.036750 0.065333
16 0.919250 0.375667 0.038500 0.072000
16 0.880500 0.380000 0.038500 0.072000
16 0.839500 0.384333 0.038500 0.072000
16 0.848625 0.456833 0.034250 0.067667
16 0.887625 0.451500 0.034750 0.068333
16 0.929875 0.448167 0.038250 0.073000
16 0.856125 0.528167 0.038250 0.073000
16 0.897375 0.524500 0.038250 0.073000
16 0.939125 0.521833 0.038250 0.073000
