16 0.840234 0.241981 0.036719 0.057547
16 0.737891 0.294811 0.038281 0.055660
16 0.701562 0.298585 0.039062 0.055660
16 0.666406 0.298113 0.035937 0.052830
16 0.736719 0.240566 0.035937 0.054717
16 0.699219 0.243868 0.031250 0.055660
16 0.664453 0.242453 0.033594 0.049057
16 0.864062 0.683019 0.039062 0.064151
16 0.864062 0.616038 0.039062 0.060377
16 0.855859 0.550000 0.036719 0.060377
16 0.854297 0.480189 0.042969 0.062264
16 0.850000 0.416981 0.039062 0.062264
16 0.846484 0.358491 0.042969 0.062264
16 0.842578 0.299057 0.042969 0.062264
16 0.808203 0.239151 0.030469 0.053774
16 0.780078 0.237264 0.030469 0.053774
16 0.782422 0.290566 0.035156 0.056604
16 0.807813 0.288679 0.035937 0.058491
16 0.813281 0.348113 0.035937 0.058491
16 0.781250 0.344340 0.035937 0.058491
16 0.779687 0.404717 0.035937 0.058491
16 0.815625 0.405660 0.035937 0.058491
16 0.816406 0.467925 0.035937 0.058491
16 0.779687 0.467925 0.035937 0.058491
16 0.784375 0.532075 0.035937 0.058491
16 0.821094 0.531132 0.035937 0.058491
16 0.789062 0.596226 0.035937 0.058491
16 0.823438 0.599057 0.035937 0.058491
16 0.788281 0.667453 0.037500 0.066981
16 0.826562 0.665566 0.037500 0.066981
16 0.738672 0.352358 0.038281 0.063208
16 0.701953 0.350472 0.038281 0.063208
16 0.669141 0.353302 0.038281 0.063208
16 0.667578 0.411792 0.038281 0.063208
16 0.700391 0.413679 0.038281 0.063208
16 0.741016 0.409906 0.038281 0.063208
16 0.740234 0.476887 0.038281 0.063208
16 0.701172 0.479717 0.038281 0.063208
16 0.668359 0.478774 0.038281 0.063208
16 0.668359 0.541981 0.038281 0.063208
16 0.701953 0.541981 0.038281 0.063208
16 0.744922 0.539151 0.038281 0.063208
16 0.745703 0.607075 0.038281 0.063208
16 0.705859 0.608019 0.038281 0.063208
16 0.669141 0.609906 0.038281 0.063208
16 0.668359 0.675943 0.038281 0.063208
16 0.706641 0.677830 0.038281 0.063208
16 0.748047 0.671226 0.038281 0.063208
