16 0.528750 0.325000 0.052500 0.058750
16 0.501667 0.706875 0.056667 0.065000
16 0.688750 0.656875 0.052500 0.063750
16 0.625833 0.652188 0.056667 0.064375
16 0.567917 0.647188 0.054167 0.063125
16 0.507917 0.640625 0.052500 0.058750
16 0.628750 0.585000 0.059167 0.070000
16 0.569583 0.580625 0.052500 0.058750
16 0.511250 0.577500 0.052500 0.058750
16 0.692500 0.589688 0.060000 0.070625
16 0.693750 0.515000 0.052500 0.058750
16 0.632083 0.515000 0.052500 0.058750
16 0.572500 0.512813 0.046667 0.060625
16 0.516250 0.511250 0.050833 0.058750
16 0.695000 0.445312 0.058333 0.061875
16 0.632917 0.446250 0.055833 0.062500
16 0.576250 0.448125 0.052500 0.058750
16 0.519583 0.450000 0.052500 0.058750
16 0.701250 0.380000 0.052500 0.058750
16 0.637083 0.381250 0.052500 0.058750
16 0.582083 0.383750 0.052500 0.058750
16 0.528750 0.386875 0.052500 0.058750
16 0.704583 0.315000 0.052500 0.058750
16 0.640417 0.318125 0.052500 0.058750
16 0.580417 0.324375 0.052500 0.058750
16 0.563333 0.713750 0.056667 0.065000
16 0.623333 0.719375 0.056667 0.065000
16 0.683333 0.726875 0.056667 0.065000
16 0.680000 0.797500 0.056667 0.065000
16 0.619167 0.790000 0.056667 0.065000
16 0.559167 0.780000 0.056667 0.065000
16 0.500833 0.770625 0.056667 0.065000
16 0.488333 0.835625 0.056667 0.065000
16 0.550833 0.847500 0.056667 0.065000
16 0.612500 0.860000 0.056667 0.065000
16 0.677500 0.870313 0.058333 0.069375
