16 0.314887 0.536232 0.026445 0.034101
16 0.337904 0.535806 0.026445 0.034101
16 0.360921 0.535379 0.026445 0.034101
16 0.384917 0.535806 0.026445 0.034101
16 0.386876 0.568201 0.026445 0.034101
16 0.363369 0.567775 0.026445 0.034101
16 0.337904 0.568201 0.026445 0.034101
16 0.314398 0.568201 0.026445 0.034101
16 0.313908 0.601023 0.026445 0.034101
16 0.337414 0.600597 0.026445 0.034101
16 0.361410 0.599744 0.026445 0.034101
16 0.387855 0.600171 0.026445 0.034101
16 0.389324 0.632566 0.026445 0.034101
16 0.364838 0.631714 0.026445 0.034101
16 0.339373 0.632992 0.026445 0.034101
16 0.314153 0.632353 0.024976 0.031969
16 0.313418 0.663683 0.026445 0.034101
16 0.339373 0.664109 0.026445 0.034101
16 0.364349 0.663683 0.026445 0.034101
16 0.389814 0.663257 0.026445 0.034101
16 0.314398 0.695652 0.026445 0.034101
16 0.339863 0.695226 0.026445 0.034101
16 0.366797 0.695652 0.026445 0.034101
16 0.391773 0.696078 0.026445 0.034101
16 0.392507 0.727408 0.023996 0.031117
16 0.369491 0.727408 0.023996 0.031117
16 0.341577 0.726556 0.023996 0.031117
16 0.315622 0.726556 0.023996 0.031117
16 0.315132 0.757673 0.023996 0.031117
16 0.340108 0.757673 0.023996 0.031117
16 0.369001 0.758525 0.023996 0.031117
16 0.392997 0.757246 0.023996 0.031117
