16 0.481667 0.370625 0.050000 0.057500
16 0.671667 0.623437 0.065000 0.071875
16 0.604583 0.622812 0.062500 0.070625
16 0.543750 0.621875 0.059167 0.068750
16 0.485417 0.620313 0.052500 0.063125
16 0.664167 0.550937 0.060000 0.066875
16 0.603750 0.555937 0.064167 0.064375
16 0.543333 0.556562 0.056667 0.060625
16 0.484167 0.556250 0.050000 0.057500
16 0.664583 0.485938 0.057500 0.066875
16 0.602500 0.489063 0.056667 0.061875
16 0.539167 0.491250 0.050000 0.057500
16 0.482500 0.496250 0.050000 0.057500
16 0.661250 0.415625 0.060833 0.063750
16 0.597500 0.422812 0.055000 0.061875
16 0.535833 0.427500 0.050000 0.057500
16 0.483333 0.434375 0.050000 0.057500
16 0.660833 0.351250 0.050000 0.057500
16 0.599167 0.361250 0.050000 0.057500
16 0.534167 0.368125 0.050000 0.057500
16 0.484583 0.683438 0.052500 0.063125
16 0.545417 0.686562 0.052500 0.063125
16 0.611250 0.689688 0.059167 0.064375
16 0.672083 0.692813 0.059167 0.064375
16 0.677083 0.760938 0.059167 0.064375
16 0.614583 0.757188 0.059167 0.064375
16 0.551250 0.753437 0.059167 0.064375
16 0.488750 0.749062 0.059167 0.064375
16 0.487083 0.813438 0.059167 0.064375
16 0.551250 0.819688 0.059167 0.064375
16 0.613750 0.825313 0.059167 0.064375
16 0.677917 0.830313 0.059167 0.064375
16 0.677917 0.902188 0.059167 0.064375
16 0.615417 0.894062 0.059167 0.064375
16 0.552083 0.886563 0.059167 0.064375
16 0.487083 0.875313 0.059167 0.064375
