16 0.151953 0.263208 0.038281 0.054717
16 0.181250 0.249057 0.031250 0.047170
16 0.214062 0.247170 0.031250 0.047170
16 0.256250 0.245283 0.037500 0.050943
16 0.296094 0.241509 0.037500 0.050943
16 0.327344 0.238679 0.037500 0.050943
16 0.330469 0.288679 0.037500 0.050943
16 0.298438 0.288679 0.037500 0.050943
16 0.257812 0.293396 0.037500 0.050943
16 0.217188 0.293396 0.037500 0.050943
16 0.188281 0.300000 0.037500 0.050943
16 0.153906 0.315094 0.037500 0.050943
16 0.152344 0.371698 0.037500 0.050943
16 0.185156 0.350943 0.037500 0.050943
16 0.217969 0.350000 0.037500 0.050943
16 0.260937 0.350943 0.037500 0.050943
16 0.335156 0.344340 0.032813 0.056604
16 0.299219 0.347170 0.037500 0.050943
16 0.339844 0.404717 0.035937 0.060377
16 0.307031 0.405660 0.035937 0.060377
16 0.266406 0.406604 0.035937 0.060377
16 0.225000 0.406604 0.035937 0.060377
16 0.191406 0.413208 0.035937 0.060377
16 0.157812 0.429717 0.040625 0.061321
16 0.158594 0.490094 0.040625 0.061321
16 0.195312 0.470283 0.040625 0.061321
16 0.229687 0.465566 0.040625 0.061321
16 0.267188 0.469340 0.040625 0.061321
16 0.310156 0.467453 0.040625 0.061321
16 0.342969 0.463679 0.040625 0.061321
16 0.350781 0.528774 0.040625 0.061321
16 0.316406 0.528774 0.040625 0.061321
16 0.273438 0.526887 0.040625 0.061321
16 0.232031 0.527830 0.040625 0.061321
16 0.196094 0.535377 0.040625 0.061321
16 0.159375 0.552358 0.040625 0.061321
16 0.160547 0.614151 0.035156 0.060377
16 0.161328 0.677358 0.039844 0.064151
16 0.197266 0.657547 0.039844 0.064151
16 0.197266 0.593396 0.039844 0.064151
16 0.231641 0.589623 0.039844 0.064151
16 0.233203 0.652830 0.039844 0.064151
16 0.280859 0.655660 0.039844 0.064151
16 0.276172 0.589623 0.039844 0.064151
16 0.319922 0.591509 0.039844 0.064151
16 0.357422 0.585849 0.039844 0.064151
16 0.358984 0.650943 0.039844 0.064151
16 0.325391 0.654717 0.039844 0.064151
