16 0.444878 0.376157 0.021701 0.039352
16 0.445312 0.414352 0.022569 0.041667
16 0.446181 0.453704 0.024306 0.041667
16 0.447483 0.493056 0.023438 0.041667
16 0.447049 0.532986 0.026042 0.042824
16 0.448785 0.574074 0.032986 0.043981
16 0.472222 0.567130 0.022569 0.048611
16 0.471354 0.523148 0.024306 0.034722
16 0.469618 0.484375 0.024306 0.038194
16 0.469618 0.446181 0.024306 0.042824
16 0.467882 0.402778 0.024306 0.039352
16 0.468750 0.368056 0.022569 0.030093
16 0.490017 0.368056 0.019965 0.030093
16 0.491319 0.401620 0.020833 0.041667
16 0.490885 0.443287 0.023438 0.046296
16 0.493056 0.484375 0.024306 0.040509
16 0.492188 0.522569 0.026042 0.040509
16 0.494792 0.564815 0.022569 0.048611
16 0.516493 0.564236 0.024306 0.045139
16 0.515625 0.519097 0.026042 0.040509
16 0.514323 0.480324 0.023438 0.039352
16 0.513021 0.440394 0.022569 0.040509
16 0.512587 0.401042 0.023438 0.040509
16 0.511719 0.365741 0.021701 0.027778
16 0.538194 0.369213 0.020833 0.039352
16 0.539062 0.407986 0.020833 0.042824
16 0.538194 0.447917 0.022569 0.041667
16 0.540799 0.487269 0.020833 0.041667
16 0.542969 0.527778 0.018229 0.043981
16 0.542969 0.569444 0.021701 0.043981
16 0.562500 0.561921 0.020833 0.047454
16 0.560330 0.517361 0.019965 0.037037
16 0.559462 0.483218 0.021701 0.042824
16 0.557292 0.441551 0.020833 0.042824
16 0.558160 0.402778 0.019097 0.039352
16 0.557726 0.367477 0.019965 0.033565
16 0.576389 0.369213 0.020833 0.039352
16 0.575521 0.409144 0.022569 0.045139
16 0.575521 0.448495 0.022569 0.038194
16 0.574219 0.484954 0.023438 0.039352
16 0.575521 0.524884 0.020833 0.045139
16 0.577691 0.567130 0.021701 0.043981
16 0.609375 0.564236 0.022569 0.042824
16 0.607639 0.521412 0.022569 0.038194
16 0.606771 0.483796 0.022569 0.039352
16 0.606337 0.443287 0.025174 0.037037
16 0.604601 0.403935 0.025174 0.037037
16 0.603299 0.364583 0.026042 0.037037
16 0.673177 0.365162 0.023438 0.040509
16 0.674479 0.408565 0.019097 0.050926
16 0.673177 0.448495 0.023438 0.047454
16 0.694878 0.446759 0.023438 0.048611
16 0.694444 0.403356 0.020833 0.033565
16 0.694010 0.364583 0.023438 0.039352
16 0.694444 0.488426 0.024306 0.039352
16 0.694010 0.527199 0.026910 0.042824
16 0.693142 0.568866 0.028646 0.045139
16 0.722656 0.566551 0.025174 0.042824
16 0.720920 0.526042 0.026910 0.042824
16 0.719618 0.489583 0.027778 0.043981
16 0.719184 0.447917 0.025174 0.043981
16 0.717882 0.404514 0.024306 0.038194
16 0.745660 0.365741 0.022569 0.034722
16 0.715278 0.364005 0.022569 0.033565
16 0.745660 0.404514 0.024306 0.047454
16 0.745660 0.447338 0.027778 0.042824
16 0.749132 0.484954 0.022569 0.037037
16 0.748264 0.524306 0.024306 0.046296
16 0.747396 0.567130 0.026042 0.043981
16 0.768229 0.566551 0.019097 0.040509
16 0.785590 0.566551 0.019097 0.035880
16 0.783420 0.530093 0.025174 0.041667
16 0.770399 0.528356 0.021701 0.033565
16 0.768229 0.489005 0.020833 0.040509
16 0.783420 0.487269 0.021701 0.041667
16 0.766493 0.442130 0.019097 0.039352
16 0.781684 0.441551 0.025174 0.040509
16 0.766059 0.403356 0.021701 0.033565
16 0.784288 0.401042 0.018229 0.033565
16 0.783854 0.362847 0.020833 0.038194
16 0.765191 0.362847 0.019965 0.033565
