16 0.385750 0.230500 0.037000 0.067000
16 0.483750 0.531500 0.037000 0.067000
16 0.817750 0.429667 0.037000 0.067333
16 0.726250 0.541333 0.037000 0.067333
16 0.732250 0.469667 0.037000 0.067333
16 0.650500 0.514000 0.037000 0.067333
16 0.571500 0.479667 0.037000 0.067333
16 0.534000 0.471833 0.037000 0.067000
16 0.824250 0.367333 0.037000 0.067333
16 0.738250 0.407500 0.037000 0.067000
16 0.694250 0.459000 0.037000 0.067333
16 0.660500 0.446833 0.037000 0.067000
16 0.579500 0.420500 0.037000 0.067000
16 0.495250 0.464333 0.037000 0.067333
16 0.862750 0.374167 0.037000 0.067000
16 0.744750 0.335500 0.037000 0.067000
16 0.704000 0.390167 0.037000 0.067000
16 0.668750 0.380333 0.037000 0.067333
16 0.503750 0.397833 0.037000 0.067000
16 0.544250 0.409333 0.037000 0.067333
16 0.894250 0.381000 0.037000 0.067333
16 0.707000 0.325000 0.037000 0.067333
16 0.592000 0.351500 0.037000 0.067000
16 0.556250 0.343500 0.037000 0.067000
16 0.596750 0.289500 0.037000 0.067000
16 0.517500 0.335167 0.037000 0.067000
16 0.558000 0.276000 0.037000 0.067333
16 0.527000 0.268667 0.037000 0.067333
16 0.422375 0.240000 0.037250 0.066000
16 0.856500 0.438333 0.037000 0.067333
16 0.680750 0.592000 0.037000 0.067333
16 0.642500 0.584167 0.037000 0.067000
16 0.688250 0.525833 0.037000 0.067000
16 0.522500 0.544167 0.037000 0.067000
16 0.561000 0.548333 0.037000 0.067333
16 0.710250 0.678500 0.037000 0.067000
16 0.717875 0.602000 0.037250 0.067333
16 0.672000 0.664833 0.037000 0.067000
16 0.631750 0.657333 0.037000 0.067333
16 0.476125 0.601167 0.037250 0.067000
16 0.514625 0.613167 0.041250 0.071000
16 0.675000 0.314000 0.037000 0.067333
16 0.800000 0.564000 0.037000 0.067333
16 0.807250 0.495000 0.037000 0.067333
16 0.851000 0.503833 0.037000 0.067000
16 0.891250 0.445000 0.037000 0.067333
16 0.884125 0.519833 0.040750 0.078333
16 0.828875 0.643833 0.044750 0.076333
16 0.791250 0.632333 0.045000 0.076000
16 0.875750 0.581500 0.045000 0.076333
16 0.841750 0.573333 0.045000 0.076000
16 0.555000 0.622333 0.045000 0.076000
16 0.456375 0.252000 0.037250 0.066000
16 0.377625 0.291667 0.037250 0.066000
16 0.415625 0.300667 0.037250 0.066000
16 0.446375 0.305667 0.037250 0.066000
16 0.438625 0.368667 0.037250 0.066000
16 0.402625 0.361000 0.037250 0.066000
16 0.366625 0.355000 0.037250 0.066000
16 0.350625 0.419667 0.037250 0.066000
16 0.389625 0.432667 0.037250 0.066000
16 0.420875 0.441333 0.042250 0.076667
16 0.410875 0.510000 0.042250 0.076667
16 0.375125 0.502333 0.042250 0.076667
16 0.342125 0.493333 0.042250 0.076667
16 0.324875 0.561000 0.042250 0.076667
16 0.358875 0.564333 0.042250 0.076667
16 0.394875 0.572000 0.042250 0.076667
16 0.866875 0.651500 0.044750 0.076333
16 0.783125 0.700833 0.044750 0.076333
16 0.824375 0.715500 0.044750 0.076333
16 0.862375 0.720500 0.044750 0.076333
