16 0.529167 0.325000 0.050000 0.058750
16 0.585833 0.324375 0.050000 0.058750
16 0.645000 0.320625 0.050000 0.058750
16 0.704167 0.318750 0.050000 0.058750
16 0.524167 0.385625 0.050000 0.058750
16 0.584167 0.386875 0.050000 0.058750
16 0.640000 0.383125 0.050000 0.058750
16 0.697500 0.382500 0.055000 0.062500
16 0.696667 0.450000 0.055000 0.062500
16 0.638333 0.449375 0.055000 0.062500
16 0.582500 0.451250 0.055000 0.062500
16 0.524167 0.448750 0.055000 0.062500
16 0.515000 0.514375 0.055000 0.062500
16 0.573333 0.514375 0.055000 0.062500
16 0.634167 0.516875 0.055000 0.062500
16 0.694167 0.517500 0.055000 0.062500
16 0.690833 0.587500 0.055000 0.062500
16 0.633333 0.585625 0.055000 0.062500
16 0.575000 0.583125 0.055000 0.062500
16 0.510833 0.580000 0.055000 0.062500
16 0.509167 0.643125 0.055000 0.062500
16 0.566667 0.648750 0.055000 0.062500
16 0.625833 0.650625 0.055000 0.062500
16 0.688333 0.656875 0.055000 0.062500
16 0.685000 0.728437 0.058333 0.064375
16 0.622500 0.720313 0.058333 0.064375
16 0.565833 0.714063 0.058333 0.064375
16 0.505000 0.706562 0.058333 0.064375
16 0.498333 0.771563 0.058333 0.064375
16 0.557500 0.780312 0.058333 0.064375
16 0.617500 0.788438 0.058333 0.064375
16 0.680000 0.796562 0.058333 0.064375
16 0.672500 0.873437 0.058333 0.064375
16 0.610000 0.860938 0.058333 0.064375
16 0.555000 0.847812 0.058333 0.064375
16 0.494167 0.834688 0.058333 0.064375
