16 0.395875 0.255833 0.036250 0.057000
16 0.544875 0.261500 0.036250 0.057000
16 0.471375 0.256500 0.036250 0.057000
16 0.780375 0.270500 0.036250 0.057000
16 0.741875 0.268500 0.036250 0.057000
16 0.704625 0.266833 0.036250 0.057000
16 0.620375 0.260500 0.036250 0.057000
16 0.582625 0.260500 0.036250 0.057000
16 0.863125 0.271500 0.036250 0.057000
16 0.902500 0.274000 0.038000 0.059333
16 0.938625 0.275000 0.031250 0.058667
16 0.393750 0.315500 0.037000 0.059667
16 0.867625 0.339333 0.039750 0.064000
16 0.781625 0.336167 0.039250 0.062333
16 0.741750 0.334667 0.039000 0.067333
16 0.705875 0.334333 0.035750 0.064667
16 0.620375 0.324500 0.037750 0.067667
16 0.583375 0.323000 0.036750 0.064667
16 0.545375 0.324833 0.038750 0.063667
16 0.469750 0.316167 0.037000 0.059667
16 0.431750 0.317167 0.037000 0.059667
16 0.908625 0.340333 0.039750 0.064000
16 0.955875 0.626000 0.038250 0.073333
16 0.948875 0.412333 0.030750 0.062000
16 0.913625 0.552000 0.038250 0.073333
16 0.911000 0.410000 0.038000 0.068000
16 0.872125 0.408833 0.036250 0.065667
16 0.951875 0.481000 0.035750 0.070000
16 0.913375 0.480333 0.038250 0.073333
16 0.874500 0.477667 0.034000 0.070667
16 0.953125 0.551000 0.038250 0.073333
16 0.874375 0.550333 0.038250 0.073333
16 0.918125 0.626000 0.038250 0.073333
16 0.877125 0.624667 0.038250 0.073333
16 0.712875 0.623000 0.038250 0.073333
16 0.754875 0.622333 0.038250 0.073333
16 0.796375 0.621667 0.038250 0.073333
16 0.792375 0.547333 0.038250 0.073333
16 0.752250 0.547000 0.039500 0.074000
16 0.712000 0.548000 0.039500 0.074000
16 0.709000 0.473333 0.039000 0.070000
16 0.749500 0.475667 0.039000 0.070000
16 0.789750 0.475667 0.039000 0.070000
16 0.622000 0.392167 0.036500 0.068333
16 0.587000 0.609500 0.036500 0.068333
16 0.542625 0.607667 0.037250 0.072667
16 0.624250 0.535167 0.036500 0.068333
16 0.582625 0.534500 0.038250 0.069000
16 0.542750 0.535000 0.038500 0.070667
16 0.623250 0.464833 0.036500 0.068333
16 0.583000 0.463500 0.036500 0.068333
16 0.544750 0.465167 0.036500 0.068333
16 0.584750 0.388500 0.036500 0.068333
16 0.545000 0.389500 0.036500 0.068333
16 0.629000 0.609500 0.036500 0.068333
16 0.391250 0.385500 0.036500 0.068333
16 0.428750 0.385500 0.036500 0.068333
16 0.468750 0.385833 0.036500 0.068333
16 0.388750 0.457167 0.036500 0.068333
16 0.426250 0.457167 0.036500 0.068333
16 0.465500 0.457833 0.036500 0.068333
16 0.464500 0.532167 0.036500 0.068333
16 0.424750 0.530167 0.036500 0.068333
16 0.388500 0.529500 0.036500 0.068333
16 0.386000 0.606000 0.038000 0.072667
16 0.423750 0.605333 0.038000 0.072667
16 0.462250 0.603667 0.038000 0.072667
