16 0.431858 0.344329 0.023438 0.040509
16 0.439236 0.381944 0.022569 0.039352
16 0.446181 0.420718 0.024306 0.042824
16 0.453559 0.460069 0.025174 0.040509
16 0.461806 0.498843 0.026042 0.041667
16 0.469184 0.539931 0.025174 0.045139
16 0.487413 0.528356 0.025174 0.045139
16 0.481337 0.489005 0.025174 0.045139
16 0.474392 0.448495 0.025174 0.045139
16 0.467448 0.410301 0.025174 0.045139
16 0.460503 0.370949 0.025174 0.045139
16 0.455295 0.332176 0.023438 0.037037
16 0.476997 0.326389 0.023438 0.037037
16 0.496094 0.319444 0.023438 0.037037
16 0.521701 0.313079 0.022569 0.040509
16 0.539062 0.306134 0.022569 0.040509
16 0.556424 0.303819 0.022569 0.040509
16 0.562500 0.338542 0.022569 0.040509
16 0.547743 0.342014 0.022569 0.040509
16 0.529514 0.350116 0.022569 0.040509
16 0.501736 0.352431 0.022569 0.040509
16 0.482639 0.358218 0.022569 0.040509
16 0.486979 0.397569 0.022569 0.040509
16 0.510417 0.390625 0.022569 0.040509
16 0.493924 0.435764 0.022569 0.040509
16 0.518229 0.428819 0.022569 0.040509
16 0.526042 0.469329 0.022569 0.040509
16 0.502604 0.476273 0.022569 0.040509
16 0.510417 0.516782 0.022569 0.040509
16 0.532986 0.507523 0.022569 0.040509
16 0.557292 0.506366 0.022569 0.040509
16 0.574653 0.499421 0.022569 0.040509
16 0.594618 0.497106 0.022569 0.040509
16 0.585069 0.456597 0.022569 0.040509
16 0.576389 0.419560 0.022569 0.040509
16 0.569444 0.379051 0.022569 0.040509
16 0.553819 0.379051 0.022569 0.040509
16 0.538194 0.389468 0.022569 0.040509
16 0.544271 0.426505 0.022569 0.040509
16 0.559896 0.419560 0.022569 0.040509
16 0.567708 0.456597 0.022569 0.040509
16 0.552083 0.467014 0.022569 0.040509
16 0.621528 0.489005 0.022569 0.040509
16 0.614583 0.449653 0.022569 0.040509
16 0.607639 0.409144 0.022569 0.040509
16 0.599826 0.372106 0.022569 0.040509
16 0.592882 0.332755 0.022569 0.040509
16 0.585938 0.292245 0.027778 0.042824
16 0.649306 0.273727 0.027778 0.042824
16 0.673177 0.266782 0.025174 0.042824
16 0.694010 0.263310 0.025174 0.042824
16 0.703559 0.301505 0.025174 0.042824
16 0.680990 0.303819 0.025174 0.042824
16 0.685764 0.344907 0.022569 0.037037
16 0.711806 0.340856 0.022569 0.040509
16 0.720486 0.378472 0.024306 0.039352
16 0.692708 0.386574 0.026042 0.041667
16 0.699219 0.425926 0.025174 0.041667
16 0.726997 0.420139 0.023438 0.041667
16 0.734809 0.454861 0.023438 0.039352
16 0.706597 0.462384 0.027778 0.042824
16 0.722656 0.250579 0.021701 0.040509
16 0.741753 0.248264 0.019965 0.040509
16 0.761285 0.244213 0.022569 0.043981
16 0.767795 0.283565 0.023438 0.039352
16 0.728733 0.291667 0.026910 0.041667
16 0.748264 0.282407 0.022569 0.046296
16 0.736979 0.333912 0.022569 0.042824
16 0.756510 0.326389 0.019965 0.046296
16 0.776476 0.324653 0.023438 0.045139
16 0.780816 0.365162 0.025174 0.040509
16 0.765625 0.366898 0.020833 0.037037
16 0.743490 0.362269 0.025174 0.037037
16 0.751302 0.407407 0.021701 0.041667
16 0.759549 0.446759 0.020833 0.041667
16 0.778646 0.445602 0.020833 0.039352
16 0.770833 0.406829 0.020833 0.038194
16 0.790799 0.403935 0.022569 0.039352
16 0.798611 0.441551 0.020833 0.040509
