16 0.283000 0.181500 0.050000 0.085667
16 0.470500 0.667167 0.050000 0.085667
16 0.423000 0.654500 0.050000 0.085667
16 0.375250 0.641833 0.050000 0.085667
16 0.325250 0.626500 0.050000 0.085667
16 0.277750 0.613167 0.050000 0.085667
16 0.233500 0.595167 0.050000 0.085667
16 0.480500 0.582833 0.050000 0.085667
16 0.432000 0.570167 0.050000 0.085667
16 0.381500 0.556833 0.050000 0.085667
16 0.333750 0.542500 0.050000 0.085667
16 0.288500 0.530500 0.050000 0.085667
16 0.240750 0.513833 0.050000 0.085667
16 0.490000 0.496500 0.050000 0.085667
16 0.439250 0.482833 0.050000 0.085667
16 0.393250 0.473833 0.050000 0.085667
16 0.346750 0.461167 0.050000 0.085667
16 0.295000 0.449833 0.050000 0.085667
16 0.249000 0.433833 0.050000 0.085667
16 0.501500 0.406833 0.050000 0.085667
16 0.452500 0.397833 0.050000 0.085667
16 0.403250 0.384833 0.050000 0.085667
16 0.352750 0.376500 0.050000 0.085667
16 0.308500 0.364833 0.050000 0.085667
16 0.260750 0.356500 0.050000 0.085667
16 0.511500 0.317167 0.050000 0.085667
16 0.462750 0.309500 0.050000 0.085667
16 0.415750 0.298500 0.050000 0.085667
16 0.364500 0.287167 0.050000 0.085667
16 0.316750 0.278167 0.050000 0.085667
16 0.268500 0.272167 0.050000 0.085667
16 0.524500 0.229833 0.050000 0.085667
16 0.475250 0.223167 0.050000 0.085667
16 0.423000 0.209500 0.050000 0.085667
16 0.375750 0.200500 0.050000 0.085667
16 0.327000 0.190833 0.050000 0.085667
