16 0.094271 0.400000 0.034375 0.037500
16 0.123438 0.402344 0.034375 0.037500
16 0.157812 0.403906 0.034375 0.037500
16 0.089063 0.433594 0.034375 0.037500
16 0.120313 0.435937 0.034375 0.037500
16 0.153646 0.435937 0.034375 0.037500
16 0.150521 0.470313 0.036458 0.037500
16 0.120313 0.468750 0.034375 0.037500
16 0.088021 0.467969 0.034375 0.037500
16 0.081771 0.502344 0.034375 0.037500
16 0.114062 0.504687 0.034375 0.037500
16 0.146354 0.503906 0.034375 0.037500
16 0.140104 0.535937 0.034375 0.037500
16 0.108854 0.535156 0.034375 0.037500
16 0.076563 0.533594 0.034375 0.037500
16 0.073438 0.569531 0.034375 0.037500
16 0.104688 0.568750 0.034375 0.037500
16 0.134896 0.567969 0.034375 0.037500
16 0.067187 0.600000 0.034375 0.037500
16 0.100521 0.602344 0.034375 0.037500
16 0.195833 0.603125 0.033333 0.039062
16 0.129688 0.599219 0.034375 0.037500
16 0.229167 0.604688 0.033333 0.039062
16 0.305729 0.607812 0.034375 0.040625
16 0.262500 0.603125 0.033333 0.039062
16 0.341146 0.607812 0.034375 0.040625
16 0.339062 0.575781 0.034375 0.040625
16 0.308854 0.572656 0.034375 0.040625
16 0.270313 0.571094 0.034375 0.040625
16 0.202083 0.565625 0.033333 0.034375
16 0.233854 0.567187 0.034375 0.040625
16 0.203125 0.537109 0.033333 0.036719
16 0.236458 0.537109 0.033333 0.036719
16 0.269792 0.536328 0.033333 0.036719
16 0.305208 0.539453 0.033333 0.036719
16 0.339583 0.538672 0.033333 0.036719
16 0.211458 0.465625 0.035417 0.037500
16 0.242708 0.502734 0.033333 0.039844
16 0.276042 0.503125 0.033333 0.037500
16 0.310417 0.501563 0.033333 0.037500
16 0.206250 0.501172 0.033333 0.036719
16 0.214583 0.432812 0.035417 0.037500
16 0.217708 0.403906 0.035417 0.037500
16 0.248958 0.403906 0.035417 0.037500
16 0.283333 0.404687 0.035417 0.037500
16 0.243750 0.437500 0.035417 0.037500
16 0.280208 0.438281 0.035417 0.037500
16 0.279167 0.469531 0.035417 0.037500
16 0.343750 0.503906 0.035417 0.037500
16 0.373958 0.500000 0.035417 0.037500
16 0.313542 0.469531 0.035417 0.037500
16 0.343750 0.467969 0.035417 0.037500
16 0.375000 0.466406 0.035417 0.037500
16 0.381250 0.435156 0.035417 0.037500
16 0.348958 0.439844 0.035417 0.037500
16 0.316667 0.438281 0.035417 0.037500
16 0.315625 0.407031 0.035417 0.037500
16 0.348958 0.407031 0.035417 0.037500
16 0.382292 0.404687 0.035417 0.037500
16 0.453125 0.403516 0.035417 0.028906
16 0.418229 0.401172 0.030208 0.033594
16 0.414062 0.435547 0.038542 0.035156
16 0.450521 0.435547 0.038542 0.035156
16 0.447396 0.469141 0.038542 0.035156
16 0.415104 0.467578 0.038542 0.035156
16 0.410938 0.499609 0.038542 0.035156
16 0.444271 0.501172 0.038542 0.035156
16 0.407292 0.532422 0.039583 0.036719
16 0.439063 0.533203 0.038542 0.035156
16 0.406250 0.565234 0.039583 0.036719
16 0.439583 0.566016 0.039583 0.036719
16 0.438542 0.601172 0.039583 0.036719
16 0.403125 0.599609 0.039583 0.036719
16 0.434375 0.636328 0.039583 0.036719
