16 0.255000 0.282500 0.028750 0.040000
16 0.283750 0.281667 0.028750 0.040000
16 0.311250 0.281667 0.028750 0.040000
16 0.253750 0.331667 0.033750 0.055000
16 0.280313 0.330417 0.031875 0.054167
16 0.309688 0.329583 0.031875 0.054167
16 0.346875 0.279167 0.030000 0.041667
16 0.343125 0.325000 0.031250 0.050000
16 0.251250 0.385000 0.033750 0.055000
16 0.281250 0.385000 0.033750 0.055000
16 0.310000 0.384167 0.033750 0.055000
16 0.342500 0.379167 0.033750 0.055000
16 0.340625 0.432500 0.033750 0.055000
16 0.310625 0.435000 0.033750 0.055000
16 0.280938 0.437500 0.026875 0.055000
16 0.252812 0.438750 0.030625 0.057500
16 0.251563 0.493750 0.030625 0.057500
16 0.279687 0.493750 0.030625 0.057500
16 0.307812 0.492083 0.030625 0.057500
16 0.339687 0.489167 0.030625 0.058333
16 0.335938 0.541667 0.030625 0.058333
16 0.308437 0.543333 0.030625 0.058333
16 0.280938 0.544167 0.030625 0.058333
16 0.252188 0.545000 0.030625 0.058333
16 0.252812 0.595833 0.030625 0.058333
16 0.279062 0.594167 0.030625 0.058333
16 0.309063 0.594167 0.030625 0.058333
16 0.332813 0.593333 0.030625 0.058333
16 0.363438 0.594167 0.030625 0.058333
16 0.365312 0.535833 0.030625 0.058333
16 0.367812 0.484167 0.030625 0.058333
16 0.369688 0.433333 0.030625 0.058333
16 0.372188 0.381667 0.030625 0.058333
16 0.372188 0.327500 0.030625 0.058333
16 0.375000 0.281250 0.028750 0.047500
16 0.404375 0.281250 0.028750 0.047500
16 0.456250 0.546250 0.030000 0.052500
16 0.458437 0.494583 0.029375 0.054167
16 0.459062 0.442500 0.029375 0.050000
16 0.460313 0.390000 0.028125 0.055000
16 0.461875 0.334583 0.028750 0.047500
16 0.424063 0.596667 0.031875 0.063333
16 0.428750 0.535000 0.031250 0.056667
16 0.429688 0.478750 0.030625 0.052500
16 0.431563 0.427500 0.028125 0.050000
16 0.430937 0.374583 0.030625 0.050833
16 0.433125 0.319583 0.028750 0.052500
16 0.391562 0.598333 0.030625 0.056667
16 0.395625 0.543333 0.032500 0.055000
16 0.396250 0.487917 0.028750 0.047500
16 0.399375 0.435000 0.031250 0.053333
16 0.400000 0.382917 0.028750 0.052500
16 0.402500 0.330833 0.030000 0.055000
16 0.491250 0.282083 0.028750 0.044167
16 0.463750 0.282500 0.026250 0.050000
16 0.436563 0.275417 0.025625 0.042500
16 0.453750 0.602917 0.030000 0.052500
16 0.490000 0.333333 0.030000 0.053333
16 0.490000 0.386667 0.030000 0.053333
16 0.488750 0.441667 0.030000 0.053333
16 0.487500 0.495000 0.030000 0.053333
16 0.491563 0.550000 0.033125 0.055000
16 0.489687 0.605000 0.033125 0.055000
16 0.523438 0.593333 0.033125 0.055000
16 0.522813 0.540833 0.033125 0.055000
16 0.524062 0.486667 0.033125 0.055000
16 0.524062 0.435833 0.033125 0.055000
16 0.525312 0.381667 0.033125 0.055000
16 0.525937 0.327500 0.033125 0.055000
16 0.526875 0.280000 0.030000 0.040000
16 0.556875 0.277500 0.030000 0.040000
16 0.556250 0.324583 0.032500 0.054167
16 0.556250 0.378750 0.032500 0.054167
16 0.556250 0.432917 0.032500 0.054167
16 0.556875 0.485417 0.032500 0.054167
16 0.556875 0.538750 0.032500 0.054167
16 0.555000 0.596667 0.032500 0.063333
16 0.586250 0.596667 0.032500 0.063333
16 0.585625 0.538750 0.033750 0.050833
16 0.586250 0.480417 0.030000 0.052500
16 0.585000 0.427083 0.030000 0.052500
16 0.584375 0.375417 0.030000 0.052500
16 0.583750 0.321250 0.030000 0.052500
16 0.582812 0.277917 0.026875 0.040833
