16 0.282566 0.570119 0.025465 0.033674
16 0.305583 0.569693 0.025465 0.033674
16 0.331048 0.570119 0.025465 0.033674
16 0.357003 0.570972 0.025465 0.033674
16 0.356513 0.603794 0.025465 0.033674
16 0.331048 0.602515 0.025465 0.033674
16 0.306562 0.601662 0.025465 0.033674
16 0.280607 0.600810 0.025465 0.033674
16 0.277669 0.634484 0.025465 0.033674
16 0.303624 0.636189 0.025465 0.033674
16 0.328110 0.636189 0.025465 0.033674
16 0.355534 0.637468 0.025465 0.033674
16 0.356024 0.671142 0.025465 0.033674
16 0.329089 0.666880 0.025465 0.033674
16 0.302400 0.667732 0.024976 0.033674
16 0.275220 0.669011 0.025465 0.033674
16 0.273751 0.696292 0.025465 0.030264
16 0.299706 0.695439 0.025465 0.030264
16 0.325171 0.698423 0.025465 0.030264
16 0.355044 0.700128 0.025465 0.030264
16 0.272282 0.725277 0.025465 0.030264
16 0.299706 0.726982 0.025465 0.030264
16 0.325171 0.727835 0.025465 0.030264
16 0.352595 0.727835 0.025465 0.030264
16 0.351616 0.759378 0.025465 0.030264
16 0.327620 0.755541 0.025465 0.030264
16 0.299216 0.753836 0.025465 0.030264
16 0.271303 0.752984 0.025465 0.030264
16 0.271303 0.783674 0.025465 0.030264
16 0.294809 0.784953 0.025465 0.030264
16 0.324682 0.785806 0.025465 0.030264
16 0.349167 0.788363 0.025465 0.030264
