16 0.531250 0.325313 0.049167 0.054375
16 0.578750 0.322813 0.049167 0.054375
16 0.643750 0.318437 0.049167 0.054375
16 0.700417 0.315937 0.055833 0.055625
16 0.697083 0.380312 0.055833 0.055625
16 0.681250 0.726250 0.057500 0.061250
16 0.622500 0.720938 0.058333 0.059375
16 0.559583 0.711562 0.055833 0.055625
16 0.500417 0.706562 0.052500 0.060625
16 0.684167 0.657188 0.061667 0.066875
16 0.626250 0.650625 0.057500 0.066250
16 0.567083 0.649062 0.064167 0.066875
16 0.509167 0.640938 0.053333 0.061875
16 0.688750 0.587812 0.057500 0.073125
16 0.627917 0.581875 0.059167 0.070000
16 0.567500 0.580000 0.060000 0.066250
16 0.510833 0.576250 0.051667 0.061250
16 0.693750 0.517188 0.060833 0.065625
16 0.631667 0.514062 0.056667 0.060625
16 0.571250 0.513437 0.055833 0.055625
16 0.517917 0.513437 0.055833 0.055625
16 0.696250 0.449688 0.055833 0.055625
16 0.633750 0.448437 0.055833 0.055625
16 0.577083 0.449062 0.055833 0.055625
16 0.521250 0.449062 0.050833 0.054375
16 0.640417 0.381563 0.055833 0.055625
16 0.581250 0.380937 0.055833 0.055625
16 0.527083 0.384688 0.055833 0.055625
16 0.499583 0.771875 0.057500 0.061250
16 0.674583 0.868125 0.057500 0.061250
16 0.610417 0.861875 0.057500 0.061250
16 0.489583 0.835000 0.057500 0.061250
16 0.678750 0.796875 0.057500 0.061250
16 0.618750 0.786875 0.057500 0.061250
16 0.559583 0.781875 0.057500 0.061250
16 0.548750 0.847500 0.057500 0.061250
