16 0.564663 0.242770 0.037019 0.067159
16 0.553846 0.641228 0.037019 0.067159
16 0.750962 0.575675 0.037019 0.067159
16 0.714663 0.575996 0.037019 0.067159
16 0.674038 0.575353 0.037019 0.067159
16 0.630769 0.576639 0.037019 0.067159
16 0.593269 0.575675 0.037019 0.067159
16 0.554087 0.573104 0.037019 0.067159
16 0.752163 0.506266 0.037019 0.067159
16 0.713221 0.508837 0.037019 0.067159
16 0.675481 0.504981 0.037019 0.067159
16 0.632212 0.508194 0.037019 0.067159
16 0.593029 0.506587 0.037019 0.067159
16 0.557692 0.503374 0.037019 0.067159
16 0.750240 0.438143 0.037019 0.067159
16 0.712500 0.439428 0.037019 0.067159
16 0.675000 0.438785 0.037019 0.067159
16 0.633173 0.440071 0.037019 0.067159
16 0.595433 0.439428 0.037019 0.067159
16 0.557692 0.440071 0.037019 0.067159
16 0.749519 0.371305 0.037019 0.067159
16 0.711298 0.372269 0.037019 0.067159
16 0.674279 0.373875 0.037019 0.067159
16 0.634615 0.375161 0.037019 0.067159
16 0.596635 0.375482 0.037019 0.067159
16 0.561298 0.372911 0.037019 0.067159
16 0.746635 0.305752 0.037019 0.067159
16 0.710577 0.308001 0.037019 0.067159
16 0.672837 0.307680 0.037019 0.067159
16 0.635337 0.308965 0.037019 0.067159
16 0.599760 0.309287 0.037019 0.067159
16 0.561298 0.307680 0.037019 0.067159
16 0.748077 0.241806 0.037019 0.067159
16 0.710577 0.243091 0.037019 0.067159
16 0.673558 0.242449 0.037019 0.067159
16 0.637500 0.242770 0.037019 0.067159
16 0.601202 0.244698 0.037019 0.067159
16 0.753606 0.649261 0.037019 0.067159
16 0.713942 0.647654 0.037019 0.067159
16 0.672596 0.645084 0.037019 0.067159
16 0.627644 0.642513 0.037019 0.067159
16 0.592308 0.642834 0.037019 0.067159
16 0.553606 0.711922 0.037019 0.067159
16 0.755048 0.724132 0.037019 0.067159
16 0.715625 0.720276 0.037019 0.067159
16 0.675240 0.714814 0.037019 0.067159
16 0.626683 0.711279 0.037019 0.067159
16 0.590625 0.712564 0.037019 0.067159
16 0.553125 0.788078 0.041346 0.071015
16 0.592548 0.789042 0.037019 0.067159
16 0.628365 0.790328 0.037019 0.067159
16 0.675962 0.790649 0.037019 0.067159
16 0.715385 0.795469 0.037019 0.067159
16 0.756971 0.797719 0.037019 0.067159
16 0.757332 0.876928 0.044952 0.075835
16 0.718630 0.875803 0.044952 0.076157
16 0.678726 0.871305 0.044952 0.076157
16 0.625841 0.864878 0.044952 0.076157
16 0.589784 0.863271 0.044952 0.076157
16 0.552043 0.862629 0.044952 0.076157
