16 0.299583 0.316563 0.064167 0.068125
16 0.497917 0.774687 0.064167 0.068125
16 0.442917 0.782813 0.064167 0.068125
16 0.384583 0.791562 0.064167 0.068125
16 0.318750 0.799687 0.064167 0.068125
16 0.496250 0.710313 0.064167 0.068125
16 0.437917 0.718437 0.064167 0.068125
16 0.377083 0.722187 0.064167 0.068125
16 0.315417 0.729062 0.064167 0.068125
16 0.492083 0.641563 0.060833 0.061875
16 0.432083 0.648125 0.060833 0.063750
16 0.372917 0.652188 0.064167 0.068125
16 0.312917 0.657813 0.064167 0.068125
16 0.484583 0.577187 0.064167 0.068125
16 0.428750 0.580313 0.064167 0.068125
16 0.370417 0.583438 0.064167 0.068125
16 0.309583 0.589688 0.064167 0.068125
16 0.480000 0.512500 0.056667 0.065000
16 0.426667 0.513125 0.056667 0.061250
16 0.369167 0.516875 0.061667 0.062500
16 0.307917 0.519375 0.060833 0.066250
16 0.475833 0.449688 0.056667 0.058125
16 0.422500 0.448125 0.055000 0.061250
16 0.362500 0.449375 0.063333 0.063750
16 0.303750 0.449062 0.064167 0.064375
16 0.473333 0.389375 0.058333 0.063750
16 0.417917 0.385000 0.054167 0.061250
16 0.359583 0.384375 0.062500 0.063750
16 0.301667 0.383437 0.056667 0.064375
16 0.471250 0.326562 0.047500 0.059375
16 0.420417 0.322188 0.059167 0.058125
16 0.357083 0.319688 0.064167 0.068125
16 0.324583 0.870938 0.064167 0.068125
16 0.391250 0.862812 0.064167 0.068125
16 0.444583 0.850938 0.064167 0.068125
16 0.509583 0.839688 0.064167 0.068125
