16 0.885156 0.241981 0.037500 0.059434
16 0.737500 0.336321 0.037500 0.059434
16 0.701562 0.395755 0.037500 0.059434
16 0.699219 0.459434 0.034375 0.060377
16 0.691406 0.593868 0.032813 0.061321
16 0.722656 0.668396 0.037500 0.059434
16 0.764062 0.669340 0.037500 0.059434
16 0.806250 0.662736 0.037500 0.059434
16 0.846875 0.666509 0.037500 0.059434
16 0.883594 0.683491 0.037500 0.059434
16 0.694922 0.525000 0.035156 0.059434
16 0.884375 0.546698 0.037500 0.059434
16 0.885156 0.483491 0.037500 0.059434
16 0.884375 0.417453 0.037500 0.059434
16 0.884375 0.356132 0.037500 0.059434
16 0.883594 0.614623 0.037500 0.059434
16 0.703125 0.334906 0.031250 0.056604
16 0.780078 0.279717 0.038281 0.053774
16 0.740625 0.278302 0.037500 0.050943
16 0.707812 0.278774 0.031250 0.053774
16 0.780469 0.224528 0.037500 0.052830
16 0.739844 0.227830 0.029687 0.055660
16 0.707422 0.220283 0.028906 0.046226
16 0.687500 0.664623 0.034375 0.057547
16 0.884375 0.294811 0.037500 0.059434
16 0.852734 0.231132 0.027344 0.050943
16 0.824219 0.227830 0.032813 0.053774
16 0.821094 0.279717 0.032813 0.055660
16 0.850000 0.282547 0.032813 0.055660
16 0.852344 0.338208 0.032813 0.055660
16 0.820312 0.338208 0.032813 0.055660
16 0.773438 0.401415 0.032813 0.055660
16 0.816406 0.398585 0.032813 0.055660
16 0.846875 0.403302 0.032813 0.055660
16 0.847656 0.468396 0.032813 0.055660
16 0.814063 0.462736 0.032813 0.055660
16 0.730859 0.465094 0.033594 0.060377
16 0.771875 0.464623 0.032813 0.055660
16 0.725391 0.529245 0.033594 0.060377
16 0.723828 0.598113 0.033594 0.060377
16 0.766797 0.595283 0.033594 0.060377
16 0.809766 0.594340 0.033594 0.060377
16 0.844922 0.600000 0.033594 0.060377
16 0.845703 0.534906 0.033594 0.060377
16 0.811328 0.527358 0.033594 0.060377
16 0.770703 0.527358 0.033594 0.060377
16 0.775000 0.341038 0.037500 0.059434
