16 0.571705 0.227092 0.023256 0.063745
16 0.568798 0.290837 0.025194 0.063745
16 0.565891 0.353586 0.023256 0.069721
16 0.562500 0.420319 0.028101 0.071713
16 0.560562 0.485060 0.028101 0.065737
16 0.556202 0.549801 0.031008 0.071713
16 0.554264 0.617530 0.031008 0.071713
16 0.547965 0.684263 0.028101 0.069721
16 0.519380 0.673307 0.025194 0.063745
16 0.521318 0.608566 0.025194 0.069721
16 0.524709 0.537849 0.024225 0.063745
16 0.527616 0.471116 0.028101 0.065737
16 0.529070 0.405378 0.027132 0.061753
16 0.532461 0.336653 0.024225 0.055777
16 0.534399 0.274900 0.028101 0.067729
16 0.535853 0.218127 0.025194 0.053785
16 0.510659 0.214143 0.021318 0.053785
16 0.492248 0.211155 0.021318 0.055777
16 0.470446 0.206175 0.024225 0.053785
16 0.445252 0.201195 0.024225 0.051793
16 0.444767 0.256972 0.025194 0.067729
16 0.468992 0.263944 0.027132 0.069721
16 0.492248 0.268924 0.023256 0.067729
16 0.509690 0.272908 0.027132 0.067729
16 0.441860 0.324701 0.027132 0.075697
16 0.466570 0.330677 0.026163 0.067729
16 0.491279 0.335657 0.027132 0.069721
16 0.506783 0.335657 0.025194 0.069721
16 0.439438 0.389442 0.024225 0.061753
16 0.461240 0.396414 0.023256 0.063745
16 0.484496 0.400398 0.027132 0.071713
16 0.502907 0.402390 0.025194 0.071713
16 0.434593 0.453187 0.028101 0.073705
16 0.458818 0.458167 0.024225 0.067729
16 0.481105 0.464143 0.024225 0.067729
16 0.500484 0.468127 0.026163 0.071713
16 0.431202 0.519920 0.025194 0.067729
16 0.454457 0.523904 0.025194 0.067729
16 0.477229 0.531873 0.024225 0.071713
16 0.496609 0.537849 0.026163 0.071713
16 0.427810 0.584661 0.028101 0.069721
16 0.451550 0.589641 0.023256 0.071713
16 0.473353 0.601594 0.024225 0.075697
16 0.493702 0.603586 0.024225 0.071713
16 0.488857 0.667331 0.024225 0.063745
16 0.468508 0.659363 0.022287 0.075697
16 0.446705 0.651394 0.025194 0.075697
16 0.423934 0.647410 0.026163 0.071713
