18 0.345120 0.319167 0.064741 0.056667
18 0.406873 0.315833 0.072709 0.063333
18 0.468625 0.305417 0.068725 0.059167
18 0.534363 0.295417 0.068725 0.059167
18 0.593127 0.288750 0.068725 0.059167
18 0.663347 0.280833 0.071713 0.065000
18 0.684263 0.352500 0.075697 0.090000
18 0.616036 0.360417 0.072709 0.094167
18 0.552291 0.364583 0.072709 0.094167
18 0.484562 0.374583 0.072709 0.094167
18 0.419821 0.387083 0.072709 0.094167
18 0.353088 0.389583 0.072709 0.094167
18 0.361056 0.477083 0.072709 0.094167
18 0.435757 0.477917 0.072709 0.094167
18 0.500498 0.462917 0.072709 0.094167
18 0.573207 0.453333 0.076693 0.093333
18 0.638446 0.449167 0.069721 0.096667
18 0.706673 0.442083 0.070717 0.090833
18 0.726096 0.534167 0.069721 0.095000
18 0.665837 0.540417 0.070717 0.094167
18 0.595120 0.547083 0.084661 0.097500
18 0.526394 0.555000 0.076693 0.098333
18 0.450697 0.568750 0.078685 0.092500
18 0.372012 0.572083 0.078685 0.097500
18 0.383466 0.673333 0.085657 0.108333
18 0.465139 0.666667 0.085657 0.108333
18 0.544821 0.653333 0.085657 0.108333
18 0.620020 0.647083 0.076693 0.107500
18 0.687749 0.642917 0.076693 0.107500
18 0.750498 0.634583 0.076693 0.107500
18 0.778884 0.742500 0.079681 0.113333
18 0.721116 0.742500 0.083665 0.115000
18 0.646414 0.750833 0.083665 0.115000
18 0.571713 0.756667 0.095618 0.115000
18 0.489044 0.769167 0.095618 0.115000
18 0.395418 0.776667 0.095618 0.115000
