18 0.834926 0.437337 0.026716 0.055664
18 0.860294 0.443197 0.027941 0.058268
18 0.886765 0.448079 0.027941 0.058268
18 0.884314 0.499512 0.027941 0.058268
18 0.856863 0.493652 0.027941 0.058268
18 0.830637 0.487467 0.027941 0.058268
18 0.826471 0.538574 0.027941 0.058268
18 0.852941 0.544759 0.027941 0.058268
18 0.880392 0.551270 0.027941 0.058268
18 0.876225 0.605957 0.027941 0.058268
18 0.850000 0.600098 0.027941 0.058268
18 0.823529 0.591634 0.027941 0.058268
18 0.818382 0.643717 0.027941 0.058268
18 0.845833 0.651855 0.027941 0.058268
18 0.872181 0.658529 0.030147 0.058594
18 0.869240 0.714518 0.030147 0.058594
18 0.841912 0.708496 0.030882 0.060872
18 0.814461 0.699382 0.030882 0.060872
18 0.811275 0.757650 0.030882 0.060872
18 0.838480 0.766764 0.030882 0.060872
18 0.866667 0.772624 0.030882 0.060872
18 0.863725 0.830892 0.030882 0.060872
18 0.836275 0.824707 0.030882 0.060872
18 0.808088 0.816243 0.030882 0.060872
