18 0.118990 0.227667 0.048558 0.096080
18 0.163702 0.229595 0.048558 0.096080
18 0.212380 0.226060 0.044952 0.086440
18 0.254928 0.230238 0.044952 0.086440
18 0.298918 0.235058 0.044952 0.086440
18 0.340986 0.237950 0.044952 0.086440
18 0.340745 0.320533 0.044952 0.086440
18 0.299399 0.317641 0.044952 0.086440
18 0.257091 0.313464 0.044952 0.086440
18 0.212380 0.312179 0.047837 0.089653
18 0.165505 0.318927 0.047837 0.089653
18 0.118630 0.316035 0.047837 0.089653
18 0.120072 0.409222 0.047837 0.089653
18 0.167909 0.409544 0.047837 0.089653
18 0.214543 0.400546 0.047837 0.089653
18 0.258293 0.401189 0.047837 0.089653
18 0.302163 0.401671 0.043269 0.087404
18 0.344591 0.404884 0.039663 0.086118
18 0.346154 0.487789 0.041346 0.086761
18 0.303125 0.486183 0.041346 0.086761
18 0.260216 0.486986 0.045433 0.087725
18 0.214663 0.489235 0.048558 0.092224
18 0.169231 0.501446 0.048558 0.092224
18 0.121875 0.502089 0.048558 0.092224
18 0.122837 0.593991 0.048558 0.092224
18 0.169712 0.591420 0.048558 0.092224
18 0.215625 0.578888 0.048558 0.092224
18 0.261298 0.575675 0.048558 0.092224
18 0.305529 0.574711 0.048558 0.092224
18 0.347356 0.576157 0.039904 0.086761
18 0.348558 0.660668 0.039904 0.086761
18 0.306010 0.662596 0.043269 0.088046
18 0.263341 0.666613 0.046394 0.092224
18 0.216466 0.670469 0.048798 0.092866
18 0.169712 0.682841 0.048077 0.094473
18 0.122596 0.686697 0.048077 0.094473
18 0.124038 0.780848 0.048077 0.094473
18 0.168029 0.775386 0.048077 0.094473
18 0.217067 0.764139 0.048077 0.094473
18 0.262740 0.758676 0.048077 0.094473
18 0.307452 0.753535 0.045192 0.096401
18 0.351202 0.745823 0.042308 0.091902
18 0.353606 0.834351 0.041827 0.092224
18 0.308173 0.841742 0.045673 0.093509
18 0.263942 0.848972 0.046154 0.100257
18 0.218269 0.855398 0.046154 0.100257
18 0.172115 0.867288 0.046154 0.100257
18 0.126202 0.874036 0.046154 0.100257
