18 0.325766 0.270833 0.061294 0.061667
18 0.391600 0.264167 0.061294 0.061667
18 0.456300 0.265000 0.061294 0.061667
18 0.527242 0.270000 0.071510 0.066667
18 0.594211 0.265833 0.071510 0.066667
18 0.658910 0.264167 0.071510 0.066667
18 0.659478 0.331250 0.074915 0.075833
18 0.593076 0.332083 0.073780 0.080833
18 0.527242 0.335417 0.073780 0.080833
18 0.459137 0.331250 0.073780 0.080833
18 0.389898 0.329583 0.073780 0.080833
18 0.327469 0.337917 0.073780 0.080833
18 0.321793 0.417917 0.073780 0.080833
18 0.386493 0.405417 0.073780 0.080833
18 0.454597 0.407917 0.073780 0.080833
18 0.527242 0.412917 0.073780 0.080833
18 0.596481 0.407083 0.073780 0.080833
18 0.662316 0.406250 0.073780 0.080833
18 0.663451 0.486250 0.073780 0.080833
18 0.595346 0.485417 0.073780 0.080833
18 0.531782 0.491250 0.073780 0.080833
18 0.460272 0.486250 0.073780 0.080833
18 0.388763 0.484583 0.073780 0.080833
18 0.318388 0.494583 0.073780 0.080833
18 0.313848 0.575417 0.073780 0.080833
18 0.391033 0.564583 0.073780 0.080833
18 0.456867 0.564583 0.073780 0.080833
18 0.531215 0.571667 0.079455 0.085000
18 0.597049 0.565000 0.074915 0.083333
18 0.662883 0.565833 0.074915 0.083333
18 0.665153 0.650000 0.074915 0.083333
18 0.597049 0.650000 0.074915 0.083333
18 0.530079 0.657500 0.074915 0.083333
18 0.459705 0.650833 0.074915 0.083333
18 0.391600 0.647500 0.074915 0.083333
18 0.312713 0.657083 0.071510 0.082500
18 0.308740 0.744167 0.072645 0.086667
18 0.385925 0.734583 0.079455 0.089167
18 0.456867 0.736667 0.076050 0.090000
18 0.528377 0.742500 0.076050 0.090000
18 0.595914 0.737500 0.072645 0.090000
18 0.669126 0.734167 0.078320 0.085000
