18 0.285471 0.306667 0.069240 0.058333
18 0.346765 0.285000 0.069240 0.058333
18 0.408059 0.277500 0.069240 0.058333
18 0.476163 0.267500 0.069240 0.058333
18 0.541998 0.255000 0.069240 0.058333
18 0.603292 0.240833 0.069240 0.058333
18 0.628831 0.303333 0.079455 0.078333
18 0.566402 0.315000 0.079455 0.078333
18 0.502838 0.328333 0.079455 0.078333
18 0.432463 0.339167 0.079455 0.078333
18 0.367764 0.349167 0.079455 0.078333
18 0.306470 0.370000 0.079455 0.078333
18 0.322361 0.447500 0.079455 0.078333
18 0.384790 0.421667 0.079455 0.078333
18 0.452894 0.415833 0.079455 0.078333
18 0.525539 0.409167 0.079455 0.078333
18 0.583428 0.390833 0.079455 0.078333
18 0.656073 0.378333 0.079455 0.078333
18 0.679909 0.453750 0.079455 0.077500
18 0.619750 0.462917 0.079455 0.077500
18 0.559591 0.479583 0.079455 0.077500
18 0.480136 0.486250 0.079455 0.077500
18 0.417707 0.495417 0.079455 0.077500
18 0.348468 0.521250 0.079455 0.077500
18 0.374574 0.599583 0.079455 0.077500
18 0.437003 0.574583 0.079455 0.077500
18 0.505108 0.566250 0.079455 0.077500
18 0.573212 0.562917 0.079455 0.077500
18 0.636776 0.542083 0.079455 0.077500
18 0.702611 0.531250 0.079455 0.077500
18 0.734393 0.612083 0.079455 0.077500
18 0.666288 0.621250 0.079455 0.077500
18 0.607264 0.638750 0.079455 0.077500
18 0.532350 0.645417 0.079455 0.077500
18 0.465380 0.652083 0.079455 0.077500
18 0.397276 0.677917 0.079455 0.077500
18 0.419977 0.765417 0.079455 0.077500
18 0.488082 0.742083 0.079455 0.077500
18 0.557321 0.732917 0.079455 0.077500
18 0.627696 0.727917 0.079455 0.077500
18 0.683314 0.705417 0.079455 0.077500
18 0.758229 0.694583 0.079455 0.077500
16 0.167423 0.315417 0.066969 0.035833
16 0.179909 0.367500 0.076050 0.063333
16 0.202611 0.425833 0.076050 0.063333
16 0.217367 0.494167 0.076050 0.063333
16 0.308173 0.626667 0.076050 0.063333
16 0.294552 0.556667 0.076050 0.063333
16 0.276390 0.491667 0.076050 0.063333
16 0.262770 0.429167 0.076050 0.063333
16 0.249149 0.365000 0.076050 0.063333
16 0.237230 0.310000 0.049943 0.046667
