18 0.291833 0.316667 0.069721 0.061667
18 0.354084 0.314167 0.066733 0.061667
18 0.414841 0.304167 0.066733 0.061667
18 0.479582 0.299167 0.066733 0.061667
18 0.540339 0.292500 0.066733 0.061667
18 0.610060 0.286250 0.076693 0.065833
18 0.624502 0.354583 0.079681 0.089167
18 0.559761 0.358750 0.079681 0.089167
18 0.495020 0.366250 0.077689 0.079167
18 0.427291 0.372083 0.077689 0.087500
18 0.360558 0.383750 0.077689 0.087500
18 0.296813 0.385417 0.077689 0.087500
18 0.305279 0.470833 0.078685 0.093333
18 0.309761 0.560833 0.075697 0.096667
18 0.315239 0.658333 0.078685 0.103333
18 0.321713 0.760833 0.081673 0.108333
18 0.412351 0.758333 0.081673 0.108333
18 0.398904 0.655833 0.078685 0.098333
18 0.386952 0.559167 0.078685 0.098333
18 0.376992 0.470833 0.078685 0.098333
18 0.440737 0.457500 0.078685 0.098333
18 0.509462 0.454167 0.078685 0.098333
18 0.577191 0.450833 0.078685 0.098333
18 0.640936 0.444167 0.078685 0.098333
18 0.658865 0.535833 0.078685 0.098333
18 0.597112 0.540000 0.078685 0.098333
18 0.530876 0.541250 0.087649 0.100833
18 0.459163 0.547083 0.083665 0.099167
18 0.384960 0.557500 0.080677 0.093333
18 0.474602 0.644167 0.084661 0.100000
18 0.495020 0.746667 0.075697 0.100000
18 0.568227 0.745417 0.086653 0.112500
18 0.548307 0.640833 0.078685 0.106667
18 0.612550 0.638333 0.083665 0.105000
18 0.676295 0.635833 0.083665 0.105000
18 0.637450 0.740833 0.085657 0.111667
18 0.695219 0.740000 0.069721 0.115000
