18 0.822181 0.369792 0.027206 0.055339
18 0.850613 0.371419 0.027206 0.055339
18 0.875613 0.370768 0.027206 0.055339
18 0.879902 0.422852 0.028922 0.055339
18 0.852696 0.422201 0.028922 0.055339
18 0.825735 0.422201 0.028922 0.055339
18 0.828186 0.474609 0.028922 0.055339
18 0.856618 0.474935 0.028922 0.055339
18 0.882353 0.474609 0.028922 0.055339
18 0.885539 0.529297 0.028922 0.055339
18 0.859804 0.527344 0.028922 0.055339
18 0.832598 0.526693 0.028922 0.055339
18 0.835539 0.580729 0.028922 0.055339
18 0.863603 0.582682 0.029657 0.059245
18 0.890319 0.582031 0.029657 0.059245
18 0.894975 0.639323 0.029657 0.059245
18 0.868505 0.638021 0.029657 0.059245
18 0.841299 0.636719 0.029657 0.059245
18 0.843750 0.694987 0.029657 0.059245
18 0.871201 0.695964 0.029657 0.059245
18 0.898897 0.696615 0.029657 0.059245
18 0.903799 0.754883 0.029657 0.059245
18 0.876103 0.753581 0.029657 0.059245
18 0.849387 0.751302 0.029657 0.059245
