18 0.344622 0.268750 0.063745 0.060833
18 0.408367 0.271250 0.063745 0.060833
18 0.471116 0.265833 0.061753 0.055000
18 0.536853 0.265417 0.067729 0.057500
18 0.600598 0.264583 0.067729 0.057500
18 0.671315 0.263333 0.071713 0.060000
18 0.675299 0.337083 0.077689 0.087500
18 0.607072 0.334167 0.066733 0.090000
18 0.544323 0.333333 0.070717 0.090000
18 0.475598 0.335833 0.070717 0.090000
18 0.408367 0.342083 0.071713 0.087500
18 0.342629 0.336250 0.071713 0.087500
18 0.340139 0.423750 0.070717 0.094167
18 0.410857 0.429583 0.070717 0.094167
18 0.479582 0.422083 0.070717 0.090833
18 0.551793 0.422083 0.077689 0.090833
18 0.613546 0.421250 0.059761 0.080833
18 0.683267 0.423333 0.071713 0.090000
18 0.689243 0.518333 0.075697 0.098333
18 0.626494 0.515000 0.075697 0.098333
18 0.558765 0.514167 0.075697 0.098333
18 0.486056 0.513333 0.075697 0.098333
18 0.411355 0.518333 0.075697 0.098333
18 0.335657 0.514167 0.075697 0.098333
18 0.329183 0.611250 0.076693 0.100833
18 0.414841 0.618750 0.076693 0.100833
18 0.491534 0.611667 0.074701 0.101667
18 0.566235 0.610833 0.074701 0.101667
18 0.634960 0.614167 0.074701 0.101667
18 0.698705 0.615833 0.074701 0.101667
18 0.701693 0.723750 0.078685 0.110833
18 0.646912 0.721250 0.078685 0.110833
18 0.575697 0.716667 0.083665 0.108333
18 0.500996 0.715000 0.083665 0.108333
18 0.415339 0.720000 0.079681 0.105000
18 0.324203 0.715833 0.082669 0.110000
