16 0.786606 0.265417 0.068104 0.042500
16 0.787174 0.313333 0.066969 0.060000
16 0.787174 0.374167 0.066969 0.060000
16 0.789444 0.441667 0.066969 0.060000
16 0.738365 0.449167 0.066969 0.060000
16 0.737230 0.382500 0.066969 0.060000
16 0.721339 0.321667 0.066969 0.060000
16 0.738933 0.516250 0.070375 0.070833
16 0.741203 0.591250 0.070375 0.070833
18 0.337684 0.267500 0.066969 0.058333
18 0.403519 0.265000 0.066969 0.058333
18 0.475028 0.265000 0.066969 0.058333
18 0.541998 0.262500 0.066969 0.058333
18 0.606697 0.261667 0.066969 0.058333
18 0.670261 0.270833 0.066969 0.058333
18 0.673099 0.340000 0.070375 0.076667
18 0.611805 0.330000 0.070375 0.076667
18 0.545970 0.328333 0.070375 0.076667
18 0.467650 0.335000 0.072645 0.086667
18 0.402951 0.331667 0.072645 0.086667
18 0.332577 0.330000 0.072645 0.086667
18 0.332009 0.407083 0.069240 0.079167
18 0.401249 0.407083 0.069240 0.079167
18 0.465948 0.413750 0.069240 0.079167
18 0.541998 0.406250 0.069240 0.079167
18 0.610102 0.405417 0.069240 0.079167
18 0.679342 0.417083 0.069240 0.079167
18 0.678207 0.498750 0.069240 0.079167
18 0.606697 0.483750 0.069240 0.079167
18 0.541998 0.482917 0.069240 0.079167
18 0.467083 0.491250 0.069240 0.079167
18 0.402384 0.484583 0.069240 0.079167
18 0.335414 0.485417 0.069240 0.079167
18 0.330874 0.566250 0.069240 0.079167
18 0.403519 0.565417 0.069240 0.079167
18 0.468218 0.571250 0.069240 0.079167
18 0.539728 0.562917 0.069240 0.079167
18 0.604427 0.560417 0.069240 0.079167
18 0.685017 0.574583 0.069240 0.079167
18 0.682747 0.658750 0.069240 0.079167
18 0.687287 0.743750 0.069240 0.079167
18 0.611237 0.733750 0.069240 0.079167
18 0.610102 0.649583 0.069240 0.079167
18 0.539728 0.648750 0.069240 0.079167
18 0.544268 0.737917 0.069240 0.079167
18 0.468218 0.744583 0.069240 0.079167
18 0.470488 0.654167 0.069240 0.081667
18 0.401249 0.649167 0.069240 0.081667
18 0.329739 0.648333 0.069240 0.081667
18 0.326334 0.736250 0.080590 0.085833
18 0.401249 0.735417 0.080590 0.085833
