15 0.183555 0.225625 0.109635 0.093750
15 0.264120 0.218750 0.109635 0.093750
15 0.305648 0.332500 0.109635 0.093750
15 0.215947 0.334688 0.101329 0.100625
15 0.247508 0.442812 0.101329 0.100625
15 0.340947 0.439063 0.100498 0.095625
15 0.274917 0.554063 0.099668 0.095625
15 0.375831 0.545312 0.100498 0.095625
15 0.412375 0.638437 0.100498 0.095625
15 0.303156 0.649687 0.099668 0.095625
15 0.330150 0.743437 0.088870 0.095625
15 0.443106 0.732812 0.093854 0.081875
15 0.475083 0.822812 0.094684 0.086875
15 0.353405 0.833438 0.093854 0.081875
15 0.500000 0.904062 0.086379 0.080625
15 0.372508 0.916875 0.087209 0.095000
15 0.419435 0.309063 0.107973 0.100625
15 0.388704 0.202187 0.107973 0.100625
15 0.450166 0.421563 0.107973 0.100625
15 0.479236 0.521563 0.098007 0.094375
15 0.509136 0.617500 0.098007 0.095000
15 0.536545 0.713750 0.088040 0.086250
15 0.558970 0.796250 0.088040 0.086250
15 0.581395 0.875625 0.088040 0.086250
15 0.735880 0.861250 0.088040 0.086250
15 0.659053 0.853437 0.078904 0.076875
15 0.638289 0.769687 0.078904 0.076875
15 0.718023 0.769375 0.088870 0.078750
15 0.703904 0.681250 0.097176 0.080000
15 0.620847 0.688438 0.085548 0.079375
15 0.609219 0.597812 0.092193 0.084375
15 0.682724 0.588437 0.093023 0.088125
15 0.663621 0.489063 0.093023 0.088125
15 0.586379 0.500313 0.093023 0.088125
15 0.558970 0.397188 0.093023 0.088125
15 0.639120 0.388437 0.103821 0.095625
15 0.610880 0.275938 0.103821 0.095625
15 0.536130 0.293125 0.095515 0.093750
15 0.508721 0.184062 0.087209 0.090625
15 0.580565 0.172813 0.102990 0.084375
