15 0.656731 0.206410 0.050000 0.071795
15 0.701923 0.197436 0.050000 0.071795
15 0.736538 0.196154 0.050000 0.071795
15 0.771635 0.194872 0.043269 0.071795
15 0.812981 0.202564 0.043269 0.071795
15 0.815865 0.280769 0.045192 0.076923
15 0.778846 0.267308 0.042308 0.067949
15 0.742308 0.268590 0.042308 0.067949
15 0.701923 0.269872 0.042308 0.067949
15 0.660577 0.272436 0.042308 0.067949
15 0.661538 0.358333 0.046154 0.083333
15 0.704808 0.348077 0.046154 0.083333
15 0.740385 0.350000 0.042308 0.071795
15 0.778846 0.350000 0.042308 0.071795
15 0.818269 0.358974 0.042308 0.071795
15 0.822115 0.443590 0.042308 0.071795
15 0.783654 0.426923 0.042308 0.071795
15 0.748077 0.432051 0.042308 0.071795
15 0.707692 0.432051 0.042308 0.071795
15 0.661058 0.438462 0.049038 0.076923
15 0.660577 0.525000 0.051923 0.080769
15 0.710096 0.517308 0.045192 0.080769
15 0.748558 0.514744 0.039423 0.078205
15 0.787019 0.516026 0.039423 0.078205
15 0.822596 0.526923 0.037500 0.074359
15 0.826442 0.613462 0.039423 0.078205
15 0.789904 0.601923 0.039423 0.078205
15 0.752404 0.601923 0.039423 0.078205
15 0.712981 0.600000 0.045192 0.079487
15 0.661058 0.606410 0.050962 0.084615
15 0.662981 0.696154 0.050962 0.084615
15 0.714423 0.688462 0.044231 0.082051
15 0.753846 0.684615 0.044231 0.082051
15 0.794231 0.687821 0.044231 0.073077
15 0.826923 0.694231 0.044231 0.073077
15 0.826923 0.787821 0.044231 0.073077
15 0.798077 0.773718 0.044231 0.073077
15 0.759615 0.773718 0.044231 0.073077
15 0.717308 0.780128 0.044231 0.073077
15 0.665385 0.786538 0.053846 0.085897
