15 0.259551 0.278750 0.097176 0.097500
15 0.340116 0.270625 0.097176 0.097500
15 0.380814 0.373750 0.098837 0.098750
15 0.297757 0.379063 0.102159 0.098125
15 0.417359 0.472500 0.098837 0.098750
15 0.325166 0.480000 0.098837 0.098750
15 0.355897 0.570000 0.098837 0.098750
15 0.451412 0.566875 0.098837 0.098750
15 0.489618 0.653750 0.098837 0.098750
15 0.383306 0.661875 0.098837 0.098750
15 0.405731 0.753125 0.098837 0.098750
15 0.518688 0.740625 0.098837 0.098750
15 0.549834 0.825625 0.086379 0.087500
15 0.434385 0.831875 0.086379 0.087500
15 0.451827 0.916250 0.086379 0.087500
15 0.578904 0.897188 0.084718 0.076875
15 0.651993 0.866563 0.084718 0.076875
15 0.633721 0.790937 0.084718 0.076875
15 0.604651 0.714688 0.084718 0.076875
15 0.577243 0.629687 0.084718 0.076875
15 0.553987 0.542813 0.084718 0.076875
15 0.523256 0.450313 0.084718 0.076875
15 0.492940 0.349375 0.100498 0.095000
15 0.463040 0.250625 0.100498 0.095000
15 0.653239 0.220000 0.100498 0.095000
15 0.679817 0.316875 0.100498 0.095000
15 0.703904 0.413750 0.100498 0.095000
15 0.727159 0.508750 0.100498 0.095000
15 0.752907 0.601875 0.100498 0.095000
15 0.774086 0.692187 0.093023 0.088125
15 0.792359 0.772188 0.093023 0.088125
15 0.811462 0.852812 0.093023 0.088125
15 0.730482 0.848750 0.083887 0.075000
15 0.712209 0.772500 0.083887 0.075000
15 0.693937 0.693750 0.083887 0.075000
15 0.674003 0.610625 0.083887 0.075000
15 0.650332 0.520625 0.083056 0.078750
15 0.629983 0.427187 0.078904 0.083125
15 0.605066 0.329688 0.078904 0.083125
15 0.583472 0.227187 0.078904 0.083125
