15 0.560631 0.223438 0.101329 0.080625
15 0.583056 0.304688 0.101329 0.080625
15 0.615033 0.397188 0.108804 0.090625
15 0.639120 0.489687 0.108804 0.090625
15 0.662375 0.578438 0.108804 0.090625
15 0.691445 0.669687 0.108804 0.090625
15 0.715532 0.759687 0.108804 0.090625
15 0.744601 0.842812 0.108804 0.090625
15 0.690615 0.861563 0.108804 0.090625
15 0.659053 0.779062 0.095515 0.088125
15 0.632475 0.690312 0.095515 0.088125
15 0.608389 0.599688 0.095515 0.088125
15 0.581811 0.511563 0.095515 0.088125
15 0.555233 0.424687 0.095515 0.088125
15 0.529485 0.329688 0.095515 0.088125
15 0.510382 0.245312 0.095515 0.088125
15 0.379983 0.259062 0.095515 0.088125
15 0.410714 0.357187 0.095515 0.088125
15 0.439784 0.449688 0.095515 0.088125
15 0.465532 0.536563 0.095515 0.088125
15 0.494601 0.620938 0.095515 0.088125
15 0.523671 0.707187 0.095515 0.088125
15 0.551080 0.792813 0.095515 0.088125
15 0.575997 0.872812 0.095515 0.088125
15 0.469684 0.908438 0.095515 0.088125
15 0.449751 0.815937 0.095515 0.088125
15 0.415698 0.735938 0.095515 0.088125
15 0.383306 0.647813 0.095515 0.088125
15 0.349252 0.563438 0.095515 0.088125
15 0.315199 0.469687 0.095515 0.088125
15 0.279485 0.378437 0.095515 0.088125
15 0.252907 0.290312 0.095515 0.088125
15 0.122093 0.548125 0.039867 0.035000
15 0.211379 0.385313 0.095515 0.088125
15 0.247924 0.480938 0.095515 0.088125
15 0.272841 0.569063 0.095515 0.088125
15 0.306063 0.661563 0.095515 0.088125
15 0.338455 0.754062 0.095515 0.088125
15 0.363372 0.830313 0.095515 0.088125
15 0.381645 0.915937 0.095515 0.088125
15 0.090532 0.559375 0.039867 0.035000
15 0.109219 0.520625 0.030731 0.028750
15 0.097591 0.493750 0.030731 0.028750
15 0.085963 0.466250 0.030731 0.028750
15 0.018688 0.364375 0.032392 0.028750
15 0.075166 0.440000 0.030731 0.028750
15 0.037375 0.416563 0.033223 0.029375
15 0.023671 0.388750 0.032392 0.028750
15 0.047342 0.446562 0.033223 0.029375
15 0.059801 0.474062 0.033223 0.029375
15 0.066445 0.503437 0.033223 0.029375
15 0.079734 0.529687 0.033223 0.029375
