15 0.299003 0.250312 0.099668 0.096875
15 0.376246 0.254688 0.099668 0.096875
15 0.510797 0.258437 0.099668 0.096875
15 0.639120 0.258437 0.092193 0.091875
15 0.714286 0.258750 0.091362 0.092500
15 0.708056 0.364063 0.095515 0.103125
15 0.629568 0.360625 0.096346 0.098750
15 0.504568 0.364687 0.100498 0.101875
15 0.380814 0.363438 0.100498 0.101875
15 0.296096 0.356563 0.100498 0.101875
15 0.296927 0.463438 0.100498 0.101875
15 0.389120 0.468438 0.100498 0.101875
15 0.506229 0.470313 0.100498 0.101875
15 0.619186 0.466562 0.100498 0.101875
15 0.698090 0.469062 0.100498 0.101875
15 0.698090 0.571562 0.100498 0.101875
15 0.615864 0.567187 0.100498 0.101875
15 0.605897 0.661875 0.088870 0.091250
15 0.692276 0.666875 0.088870 0.091250
15 0.501246 0.569063 0.095515 0.094375
15 0.502076 0.668438 0.095515 0.094375
15 0.500000 0.753750 0.093023 0.083750
15 0.500831 0.837500 0.093023 0.083750
15 0.500000 0.920000 0.093023 0.083750
15 0.661960 0.929375 0.093023 0.083750
15 0.590116 0.913125 0.078904 0.078750
15 0.676910 0.846250 0.093023 0.083750
15 0.686877 0.760625 0.093023 0.083750
15 0.602990 0.751250 0.093023 0.083750
15 0.593023 0.835313 0.086379 0.078125
15 0.409468 0.755000 0.093023 0.083750
15 0.406146 0.668125 0.093023 0.083750
15 0.396179 0.570312 0.099668 0.089375
15 0.295681 0.565312 0.098007 0.095625
15 0.294850 0.665312 0.098007 0.095625
15 0.292359 0.759687 0.098007 0.095625
15 0.289867 0.844375 0.093023 0.078750
15 0.287375 0.924375 0.093023 0.078750
15 0.411545 0.927188 0.092193 0.084375
15 0.408223 0.839688 0.092193 0.084375
